#  cD     cE       density     E/A_snm       E/A_pnm 
-3.00   -1.00     0.15    -12.31769496     12.23089760 
-3.00   -1.00     0.17    -12.26676266     14.05818986 
-3.00   -1.00     0.19    -11.84571479     16.14494974 
-3.00   -1.00     0.21    -11.04062452     18.47499718 
-3.00   -1.00     0.23    -9.84855001     21.02020187 
-2.50   -1.00     0.15    -12.10424578     12.23089760 
-2.50   -1.00     0.17    -12.04661827     14.05818986 
-2.50   -1.00     0.19    -11.60897602     16.14494974 
-2.50   -1.00     0.21    -10.77727710     18.47499718 
-2.50   -1.00     0.23    -9.54964161     21.02020186 
-2.00   -1.00     0.15    -11.96056684     12.23089760 
-2.00   -1.00     0.17    -11.91241839     14.05818986 
-2.00   -1.00     0.19    -11.47691553     16.14494974 
-2.00   -1.00     0.21    -10.64042363     18.47499718 
-2.00   -1.00     0.23    -9.40289356     21.02020186 
-1.50   -1.00     0.15    -11.88233164     12.23089760 
-1.50   -1.00     0.17    -11.85954552     14.05818986 
-1.50   -1.00     0.19    -11.44489100     16.14494974 
-1.50   -1.00     0.21    -10.62583261     18.47499718 
-1.50   -1.00     0.23    -9.40519634     21.02020186 
-1.00   -1.00     0.15    -11.86607497     12.23089760 
-1.00   -1.00     0.17    -11.88444757     14.05818986 
-1.00   -1.00     0.19    -11.50956557     16.14494974 
-1.00   -1.00     0.21    -10.73086724     18.47499718 
-1.00   -1.00     0.23    -9.55538494     21.02020186 
-0.50   -1.00     0.15    -11.90903141     12.23089760 
-0.50   -1.00     0.17    -11.98442111     14.05818986 
-0.50   -1.00     0.19    -11.66862196     16.14494974 
-0.50   -1.00     0.21    -10.95413986     18.47499718 
-0.50   -1.00     0.23    -9.85392250     21.02020186 
 0.00   -1.00     0.15    -12.00899899     12.23089760 
 0.00   -1.00     0.17    -12.15743472     14.05818986 
 0.00   -1.00     0.19    -11.92054560     16.14494974 
 0.00   -1.00     0.21    -11.29525585     18.47499717 
 0.00   -1.00     0.23    -10.30256175     21.02020186 
 0.50   -1.00     0.15    -12.16423268     12.23089760 
 0.50   -1.00     0.17    -12.40198910     14.05818986 
 0.50   -1.00     0.19    -12.26445554     16.14494973 
 0.50   -1.00     0.21    -11.75461375     18.47499717 
 0.50   -1.00     0.23    -10.90412784     21.02020186 
 1.00   -1.00     0.15    -12.37335202     12.23089760 
 1.00   -1.00     0.17    -12.71700630     14.05818986 
 1.00   -1.00     0.19    -12.69997375     16.14494973 
 1.00   -1.00     0.21    -12.33324947     18.47499717 
 1.00   -1.00     0.23    -11.66236277     21.02020186 
 1.50   -1.00     0.15    -12.63526699     12.23089760 
 1.50   -1.00     0.17    -13.10174122     14.05818986 
 1.50   -1.00     0.19    -13.22712011     16.14494973 
 1.50   -1.00     0.21    -13.03272896     18.47499717 
 1.50   -1.00     0.23    -12.58175344     21.02020185 
 2.00   -1.00     0.15    -12.94912452     12.23089759 
 2.00   -1.00     0.17    -13.55571146     14.05818986 
 2.00   -1.00     0.19    -13.84621735     16.14494973 
 2.00   -1.00     0.21    -13.85502539     18.47499717 
 2.00   -1.00     0.23    -13.66746184     21.02020185 
 2.50   -1.00     0.15    -13.31425659     12.23089759 
 2.50   -1.00     0.17    -14.07864173     14.05818986 
 2.50   -1.00     0.19    -14.55785481     16.14494973 
 2.50   -1.00     0.21    -14.80246224     18.47499717 
 2.50   -1.00     0.23    -14.92521511     21.02020185 
 3.00   -1.00     0.15    -13.73014414     12.23089759 
 3.00   -1.00     0.17    -14.67041906     14.05818986 
 3.00   -1.00     0.19    -15.36280370     16.14494973 
 3.00   -1.00     0.21    -15.87766259     18.47499717 
 3.00   -1.00     0.23    -16.36125510     21.02020185 
-3.00   -0.75     0.15    -13.32700917     12.23089760 
-3.00   -0.75     0.17    -13.42005038     14.05818986 
-3.00   -0.75     0.19    -13.17557852     16.14494973 
-3.00   -0.75     0.21    -12.57906620     18.47499717 
-3.00   -0.75     0.23    -11.62559559     21.02020186 
-2.50   -0.75     0.15    -12.98894286     12.23089759 
-2.50   -0.75     0.17    -13.05290130     14.05818986 
-2.50   -0.75     0.19    -12.76688771     16.14494973 
-2.50   -0.75     0.21    -12.11577685     18.47499717 
-2.50   -0.75     0.23    -11.09500682     21.02020186 
-2.00   -0.75     0.15    -12.73237068     12.23089759 
-2.00   -0.75     0.17    -12.78493578     14.05818986 
-2.00   -0.75     0.19    -12.47738726     16.14494973 
-2.00   -0.75     0.21    -11.79441510     18.47499717 
-2.00   -0.75     0.23    -10.73236857     21.02020186 
-1.50   -0.75     0.15    -12.55067165     12.23089759 
-1.50   -0.75     0.17    -12.60859442     14.05818986 
-1.50   -0.75     0.19    -12.29879822     16.14494973 
-1.50   -0.75     0.21    -11.60632010     18.47499717 
-1.50   -0.75     0.23    -10.52916266     21.02020186 
-1.00   -0.75     0.15    -12.43849210     12.23089759 
-1.00   -0.75     0.17    -12.51798326     14.05818986 
-1.00   -0.75     0.19    -12.22494923     16.14494973 
-1.00   -0.75     0.21    -11.54544891     18.47499717 
-1.00   -0.75     0.23    -10.48011168     21.02020186 
-0.50   -0.75     0.15    -12.39152651     12.23089759 
-0.50   -0.75     0.17    -12.50853850     14.05818986 
-0.50   -0.75     0.19    -12.25130769     16.14494973 
-0.50   -0.75     0.21    -11.60776099     18.47499717 
-0.50   -0.75     0.23    -10.56125027     21.02020185 
 0.00   -0.75     0.15    -12.40632679     12.23089759 
 0.00   -0.75     0.17    -12.57675137     14.05818986 
 0.00   -0.75     0.19    -12.37461989     16.14494973 
 0.00   -0.75     0.21    -11.79076719     18.47499717 
 0.00   -0.75     0.23    -10.83518287     21.02020185 
 0.50   -0.75     0.15    -12.48014069     12.23089759 
 0.50   -0.75     0.17    -12.71995303     14.05818986 
 0.50   -0.75     0.19    -12.59262900     16.14494973 
 0.50   -0.75     0.21    -12.09319437     18.47499717 
 0.50   -0.75     0.23    -11.23909102     21.02020185 
 1.00   -0.75     0.15    -12.61077536     12.23089759 
 1.00   -0.75     0.17    -12.93613428     14.05818986 
 1.00   -0.75     0.19    -12.90386287     16.14494973 
 1.00   -0.75     0.21    -12.51473772     18.47499717 
 1.00   -0.75     0.23    -11.79605332     21.02020185 
 1.50   -0.75     0.15    -12.79649187     12.23089759 
 1.50   -0.75     0.17    -13.22381058     14.05818986 
 1.50   -0.75     0.19    -13.30748122     16.14494973 
 1.50   -0.75     0.21    -13.05585346     18.47499717 
 1.50   -0.75     0.23    -12.50901632     21.02020185 
 2.00   -0.75     0.15    -13.03591136     12.23089759 
 2.00   -0.75     0.17    -13.58191091     14.05818986 
 2.00   -0.75     0.19    -13.80311023     16.14494973 
 2.00   -0.75     0.21    -13.71761156     18.47499717 
 2.00   -0.75     0.23    -13.38178719     21.02020185 
 2.50   -0.75     0.15    -13.32794467     12.23089759 
 2.50   -0.75     0.17    -14.00969124     14.05818986 
 2.50   -0.75     0.19    -14.39077499     16.14494973 
 2.50   -0.75     0.21    -14.50159236     18.47499717 
 2.50   -0.75     0.23    -14.41890164     21.02020185 
 3.00   -0.75     0.15    -13.67173449     12.23089759 
 3.00   -0.75     0.17    -14.50666386     14.05818985 
 3.00   -0.75     0.19    -15.07079940     16.14494973 
 3.00   -0.75     0.21    -15.40977064     18.47499717 
 3.00   -0.75     0.23    -15.62551797     21.02020185 
-3.00   -0.50     0.15    -14.60731263     12.23089759 
-3.00   -0.50     0.17    -14.88637185     14.05818986 
-3.00   -0.50     0.19    -14.86369701     16.14494973 
-3.00   -0.50     0.21    -14.52461201     18.47499717 
-3.00   -0.50     0.23    -13.86286128     21.02020185 
-2.50   -0.50     0.15    -14.11371814     12.23089759 
-2.50   -0.50     0.17    -14.33586358     14.05818986 
-2.50   -0.50     0.19    -14.24129297     16.14494973 
-2.50   -0.50     0.21    -13.81427751     18.47499717 
-2.50   -0.50     0.23    -13.04834307     21.02020185 
-2.00   -0.50     0.15    -13.71910285     12.23089759 
-2.00   -0.50     0.17    -13.90551385     14.05818986 
-2.00   -0.50     0.19    -13.76250759     16.14494973 
-2.00   -0.50     0.21    -13.27364957     18.47499717 
-2.00   -0.50     0.23    -12.43266969     21.02020185 
-1.50   -0.50     0.15    -13.41364552     12.23089759 
-1.50   -0.50     0.17    -13.58331803     14.05818986 
-1.50   -0.50     0.19    -13.41319829     16.14494973 
-1.50   -0.50     0.21    -12.88657154     18.47499717 
-1.50   -0.50     0.23    -11.99791380     21.02020185 
-1.00   -0.50     0.15    -13.18926670     12.23089759 
-1.00   -0.50     0.17    -13.35978417     14.05818986 
-1.00   -0.50     0.19    -13.18264233     16.14494973 
-1.00   -0.50     0.21    -12.64138217     18.47499717 
-1.00   -0.50     0.23    -11.73193697     21.02020185 
-0.50   -0.50     0.15    -13.03939118     12.23089759 
-0.50   -0.50     0.17    -13.22746458     14.05818985 
-0.50   -0.50     0.19    -13.06276969     16.14494973 
-0.50   -0.50     0.21    -12.52976792     18.47499716 
-0.50   -0.50     0.23    -11.62676910     21.02020185 
 0.00   -0.50     0.15    -12.95870475     12.23089759 
 0.00   -0.50     0.17    -13.18055505     14.05818985 
 0.00   -0.50     0.19    -13.04756833     16.14494973 
 0.00   -0.50     0.21    -12.54594396     18.47499716 
 0.00   -0.50     0.23    -11.67754105     21.02020185 
 0.50   -0.50     0.15    -12.94293517     12.23089759 
 0.50   -0.50     0.17    -13.21456177     14.05818985 
 0.50   -0.50     0.19    -13.13262666     16.14494973 
 0.50   -0.50     0.21    -12.68606389     18.47499716 
 0.50   -0.50     0.23    -11.88175513     21.02020185 
 1.00   -0.50     0.15    -12.98866097     12.23089759 
 1.00   -0.50     0.17    -13.32603161     14.05818985 
 1.00   -0.50     0.19    -13.31477967     16.14494973 
 1.00   -0.50     0.21    -12.94779226     18.47499716 
 1.00   -0.50     0.23    -12.23877350     21.02020184 
 1.50   -0.50     0.15    -13.09315049     12.23089759 
 1.50   -0.50     0.17    -13.51233300     14.05818985 
 1.50   -0.50     0.19    -13.59183897     16.14494973 
 1.50   -0.50     0.21    -13.32994884     18.47499716 
 1.50   -0.50     0.23    -12.74944047     21.02020184 
 2.00   -0.50     0.15    -13.25422459     12.23089759 
 2.00   -0.50     0.17    -13.77148428     14.05818985 
 2.00   -0.50     0.19    -13.96238116     16.14494973 
 2.00   -0.50     0.21    -13.83231808     18.47499716 
 2.00   -0.50     0.23    -13.41580176     21.02020184 
 2.50   -0.50     0.15    -13.47015543     12.23089759 
 2.50   -0.50     0.17    -14.10202083     14.05818985 
 2.50   -0.50     0.19    -14.42557809     16.14494972 
 2.50   -0.50     0.21    -14.45539651     18.47499716 
 2.50   -0.50     0.23    -14.24088581     21.02020185 
 3.00   -0.50     0.15    -13.73956903     12.23089759 
 3.00   -0.50     0.17    -14.50288202     14.05818985 
 3.00   -0.50     0.19    -14.98109993     16.14494972 
 3.00   -0.50     0.21    -15.20030768     18.47499716 
 3.00   -0.50     0.23    -15.22854833     21.02020184 
-3.00   -0.25     0.15    -16.23608294     12.23089759 
-3.00   -0.25     0.17    -16.76034910     14.05818985 
-3.00   -0.25     0.19    -17.02294728     16.14494973 
-3.00   -0.25     0.21    -17.00967673     18.47499716 
-3.00   -0.25     0.23    -16.71373871     21.02020184 
-2.50   -0.25     0.15    -15.54265006     12.23089759 
-2.50   -0.25     0.17    -15.97083026     14.05818985 
-2.50   -0.25     0.19    -16.11874218     16.14494973 
-2.50   -0.25     0.21    -15.97059042     18.47499716 
-2.50   -0.25     0.23    -15.51866929     21.02020185 
-2.00   -0.25     0.15    -14.97309763     12.23089759 
-2.00   -0.25     0.17    -15.33357265     14.05818985 
-2.00   -0.25     0.19    -15.39835772     16.14494973 
-2.00   -0.25     0.21    -15.15045573     18.47499716 
-2.00   -0.25     0.23    -14.58176085     21.02020184 
-1.50   -0.25     0.15    -14.51358010     12.23089759 
-1.50   -0.25     0.17    -14.83024553     14.05818985 
-1.50   -0.25     0.19    -14.83828912     16.14494972 
-1.50   -0.25     0.21    -14.51987075     18.47499716 
-1.50   -0.25     0.23    -13.86692157     21.02020184 
-1.00   -0.25     0.15    -14.15237550     12.23089759 
-1.00   -0.25     0.17    -14.44604735     14.05818985 
-1.00   -0.25     0.19    -14.42051961     16.14494972 
-1.00   -0.25     0.21    -14.05754469     18.47499716 
-1.00   -0.25     0.23    -13.34961885     21.02020184 
-0.50   -0.25     0.15    -13.87973213     12.23089759 
-0.50   -0.25     0.17    -14.16917367     14.05818985 
-0.50   -0.25     0.19    -14.13131002     16.14494972 
-0.50   -0.25     0.21    -13.74802596     18.47499716 
-0.50   -0.25     0.23    -13.01306393     21.02020184 
 0.00   -0.25     0.15    -13.68764318     12.23089759 
 0.00   -0.25     0.17    -13.99029937     14.05818985 
 0.00   -0.25     0.19    -13.96024489     16.14494972 
 0.00   -0.25     0.21    -13.58015416     18.47499716 
 0.00   -0.25     0.23    -12.84588362     21.02020184 
 0.50   -0.25     0.15    -13.56959712     12.23089759 
 0.50   -0.25     0.17    -13.90211255     14.05818985 
 0.50   -0.25     0.19    -13.89948796     16.14494972 
 0.50   -0.25     0.21    -13.54597916     18.47499716 
 0.50   -0.25     0.23    -12.84064609     21.02020183 
 1.00   -0.25     0.15    -13.52033459     12.23089759 
 1.00   -0.25     0.17    -13.89891634     14.05818985 
 1.00   -0.25     0.19    -13.94319860     16.14494972 
 1.00   -0.25     0.21    -13.63998184     18.47499716 
 1.00   -0.25     0.23    -12.99288282     21.02020184 
 1.50   -0.25     0.15    -13.53562821     12.23089759 
 1.50   -0.25     0.17    -13.97630006     14.05818985 
 1.50   -0.25     0.19    -14.08710128     16.14494972 
 1.50   -0.25     0.21    -13.85851433     18.47499716 
 1.50   -0.25     0.23    -13.30038482     21.02020183 
 2.00   -0.25     0.15    -13.61209201     12.23089759 
 2.00   -0.25     0.17    -14.13087286     14.05818985 
 2.00   -0.25     0.19    -14.32812491     16.14494972 
 2.00   -0.25     0.21    -14.19938051     18.47499716 
 2.00   -0.25     0.23    -13.76273189     21.02020184 
 2.50   -0.25     0.15    -13.74702130     12.23089759 
 2.50   -0.25     0.17    -14.36004970     14.05818985 
 2.50   -0.25     0.19    -14.66415259     16.14494972 
 2.50   -0.25     0.21    -14.66152207     18.47499716 
 2.50   -0.25     0.23    -14.38092428     21.02020183 
 3.00   -0.25     0.15    -13.93825648     12.23089759 
 3.00   -0.25     0.17    -14.66188121     14.05818985 
 3.00   -0.25     0.19    -15.09381401     16.14494972 
 3.00   -0.25     0.21    -15.24477473     18.47499715 
 3.00   -0.25     0.23    -15.15711043     21.02020183 
-3.00    0.00     0.15    -18.31863471     12.23089759 
-3.00    0.00     0.17    -19.18120033     14.05818985 
-3.00    0.00     0.19    -19.83380683     16.14494972 
-3.00    0.00     0.21    -20.26498815     18.47499716 
-3.00    0.00     0.23    -20.47054749     21.02020184 
-2.50    0.00     0.15    -17.36586213     12.23089759 
-2.50    0.00     0.17    -18.07129089     14.05818985 
-2.50    0.00     0.19    -18.53861047     16.14494972 
-2.50    0.00     0.21    -18.75276407     18.47499716 
-2.50    0.00     0.23    -18.70588315     21.02020184 
-2.00    0.00     0.15    -16.56996265     12.23089759 
-2.00    0.00     0.17    -17.16037335     14.05818985 
-2.00    0.00     0.19    -17.49226047     16.14494972 
-2.00    0.00     0.21    -17.54865456     18.47499716 
-2.00    0.00     0.23    -17.32035264     21.02020184 
-1.50    0.00     0.15    -15.91291986     12.23089759 
-1.50    0.00     0.17    -16.42195301     14.05818985 
-1.50    0.00     0.19    -16.65637753     16.14494972 
-1.50    0.00     0.21    -16.59786683     18.47499716 
-1.50    0.00     0.23    -16.23661508     21.02020183 
-1.00    0.00     0.15    -15.37876746     12.23089759 
-1.00    0.00     0.17    -15.83398437     14.05818985 
-1.00    0.00     0.19    -16.00141610     16.14494972 
-1.00    0.00     0.21    -15.86174275     18.47499715 
-1.00    0.00     0.23    -15.40501935     21.02020184 
-0.50    0.00     0.15    -14.95373173     12.23089759 
-0.50    0.00     0.17    -15.37843975     14.05818985 
-0.50    0.00     0.19    -15.50463259     16.14494972 
-0.50    0.00     0.21    -15.31242772     18.47499715 
-0.50    0.00     0.23    -14.79225013     21.02020184 
 0.00    0.00     0.15    -14.62618802     12.23089759 
 0.00    0.00     0.17    -15.04079532     14.05818985 
 0.00    0.00     0.19    -15.14859578     16.14494972 
 0.00    0.00     0.21    -14.92967989     18.47499715 
 0.00    0.00     0.23    -14.37548965     21.02020183 
 0.50    0.00     0.15    -14.38648398     12.23089759 
 0.50    0.00     0.17    -14.80948551     14.05818985 
 0.50    0.00     0.19    -14.92001132     16.14494972 
 0.50    0.00     0.21    -14.69877653     18.47499715 
 0.50    0.00     0.23    -14.13905655     21.02020183 
 1.00    0.00     0.15    -14.22670759     12.23089759 
 1.00    0.00     0.17    -14.67538216     14.05818985 
 1.00    0.00     0.19    -14.80879884     16.14494972 
 1.00    0.00     0.21    -14.60907502     18.47499715 
 1.00    0.00     0.23    -14.07233457     21.02020183 
 1.50    0.00     0.15    -14.14042947     12.23089759 
 1.50    0.00     0.17    -14.63132930     14.05818985 
 1.50    0.00     0.19    -14.80737546     16.14494972 
 1.50    0.00     0.21    -14.65299792     18.47499715 
 1.50    0.00     0.23    -14.16842227     21.02020183 
 2.00    0.00     0.15    -14.12246073     12.23089759 
 2.00    0.00     0.17    -14.67175372     14.05818985 
 2.00    0.00     0.19    -14.91008799     16.14494972 
 2.00    0.00     0.21    -14.82530283     18.47499715 
 2.00    0.00     0.23    -14.42322772     21.02020183 
 2.50    0.00     0.15    -14.16862597     12.23089759 
 2.50    0.00     0.17    -14.79233993     14.05818985 
 2.50    0.00     0.19    -15.11280371     16.14494972 
 2.50    0.00     0.21    -15.12253325     18.47499715 
 2.50    0.00     0.23    -14.83482629     21.02020183 
 3.00    0.00     0.15    -14.27558585     12.23089759 
 3.00    0.00     0.17    -14.98976565     14.05818985 
 3.00    0.00     0.19    -15.41255640     16.14494972 
 3.00    0.00     0.21    -15.54264860     18.47499715 
 3.00    0.00     0.23    -15.40298530     21.02020182 
-3.00    0.25     0.15    -20.98626140     12.23089759 
-3.00    0.25     0.17    -22.34295318     14.05818985 
-3.00    0.25     0.19    -23.58528486     16.14494972 
-3.00    0.25     0.21    -24.72395543     18.47499715 
-3.00    0.25     0.23    -25.78937491     21.02020183 
-2.50    0.25     0.15    -19.70123792     12.23089759 
-2.50    0.25     0.17    -20.79980003     14.05818985 
-2.50    0.25     0.19    -21.72180275     16.14494972 
-2.50    0.25     0.21    -22.45764848     18.47499715 
-2.50    0.25     0.23    -23.00602618     21.02020183 
-2.00    0.25     0.15    -18.61270117     12.23089759 
-2.00    0.25     0.17    -19.52021112     14.05818985 
-2.00    0.25     0.19    -20.21498156     16.14494972 
-2.00    0.25     0.21    -20.68128009     18.47499715 
-2.00    0.25     0.23    -20.91047577     21.02020183 
-1.50    0.25     0.15    -17.69957772     12.23089759 
-1.50    0.25     0.17    -18.46772313     14.05818985 
-1.50    0.25     0.19    -18.99948351     16.14494972 
-1.50    0.25     0.21    -19.27665228     18.47499715 
-1.50    0.25     0.23    -19.28849816     21.02020183 
-1.00    0.25     0.15    -16.94205217     12.23089759 
-1.00    0.25     0.17    -17.61135658     14.05818985 
-1.00    0.25     0.19    -18.02704516     16.14494972 
-1.00    0.25     0.21    -18.16937814     18.47499715 
-1.00    0.25     0.23    -18.02681954     21.02020183 
-0.50    0.25     0.15    -16.32210130     12.23089759 
-0.50    0.25     0.17    -16.92499391     14.05818985 
-0.50    0.25     0.19    -17.26076192     16.14494972 
-0.50    0.25     0.21    -17.30855156     18.47499715 
-0.50    0.25     0.23    -17.05648267     21.02020183 
 0.00    0.25     0.15    -15.82382971     12.23089759 
 0.00    0.25     0.17    -16.38697895     14.05818985 
 0.00    0.25     0.19    -16.67217833     16.14494971 
 0.00    0.25     0.21    -16.65784109     18.47499715 
 0.00    0.25     0.23    -16.33225126     21.02020183 
 0.50    0.25     0.15    -15.43357837     12.23089759 
 0.50    0.25     0.17    -15.97965320     14.05818985 
 0.50    0.25     0.19    -16.23938341     16.14494971 
 0.50    0.25     0.21    -16.19096509     18.47499715 
 0.50    0.25     0.23    -15.82345352     21.02020182 
 1.00    0.25     0.15    -15.13985399     12.23089759 
 1.00    0.25     0.17    -15.68881907     14.05818984 
 1.00    0.25     0.19    -15.94557632     16.14494971 
 1.00    0.25     0.21    -15.88874359     18.47499715 
 1.00    0.25     0.23    -15.50891284     21.02020182 
 1.50    0.25     0.15    -14.93313268     12.23089759 
 1.50    0.25     0.17    -15.50318466     14.05818984 
 1.50    0.25     0.19    -15.77793728     16.14494971 
 1.50    0.25     0.21    -15.73719294     18.47499715 
 1.50    0.25     0.23    -15.37402427     21.02020182 
 2.00    0.25     0.15    -14.80561849     12.23089758 
 2.00    0.25     0.17    -15.41384377     14.05818984 
 2.00    0.25     0.19    -15.72674809     16.14494971 
 2.00    0.25     0.21    -15.72620270     18.47499715 
 2.00    0.25     0.23    -15.40890516     21.02020182 
 2.50    0.25     0.15    -14.75098147     12.23089758 
 2.50    0.25     0.17    -15.41381736     14.05818984 
 2.50    0.25     0.19    -15.78469136     16.14494971 
 2.50    0.25     0.21    -15.84856554     18.47499714 
 2.50    0.25     0.23    -15.60717387     21.02020182 
 3.00    0.25     0.15    -14.76411239     12.23089758 
 3.00    0.25     0.17    -15.49766736     14.05818984 
 3.00    0.25     0.19    -15.94631725     16.14494971 
 3.00    0.25     0.21    -16.09932660     18.47499714 
 3.00    0.25     0.23    -15.96511221     21.02020182 
-3.00    0.50     0.15    -24.38727349     12.23089759 
-3.00    0.50     0.17    -26.51327504     14.05818984 
-3.00    0.50     0.19    -28.80837161     16.14494971 
-3.00    0.50     0.21    -31.52733638     18.47499715 
-3.00    0.50     0.23    -35.46979776     21.02020182 
-2.50    0.50     0.15    -22.68898745     12.23089759 
-2.50    0.50     0.17    -24.37849185     14.05818984 
-2.50    0.50     0.19    -26.03098381     16.14494971 
-2.50    0.50     0.21    -27.69005556     18.47499715 
-2.50    0.50     0.23    -29.45195061     21.02020182 
-2.00    0.50     0.15    -21.23037849     12.23089758 
-2.00    0.50     0.17    -22.60031235     14.05818984 
-2.00    0.50     0.19    -23.83678891     16.14494971 
-2.00    0.50     0.21    -24.93620788     18.47499715 
-2.00    0.50     0.23    -25.90677066     21.02020183 
-1.50    0.50     0.15    -19.98898340     12.23089758 
-1.50    0.50     0.17    -21.12420349     14.05818984 
-1.50    0.50     0.19    -22.07548249     16.14494971 
-1.50    0.50     0.21    -22.82703688     18.47499714 
-1.50    0.50     0.23    -23.37039409     21.02020182 
-1.00    0.50     0.15    -18.94274482     12.23089758 
-1.00    0.50     0.17    -19.90732940     14.05818984 
-1.00    0.50     0.19    -20.65850596     16.14494971 
-1.00    0.50     0.21    -21.17678110     18.47499714 
-1.00    0.50     0.23    -21.44991613     21.02020182 
-0.50    0.50     0.15    -18.07039973     12.23089758 
-0.50    0.50     0.17    -18.91376931     14.05818984 
-0.50    0.50     0.19    -19.52438307     16.14494971 
-0.50    0.50     0.21    -19.88102649     18.47499714 
-0.50    0.50     0.23    -19.97031718     21.02020182 
 0.00    0.50     0.15    -17.35206915     12.23089758 
 0.00    0.50     0.17    -18.11300564     14.05818984 
 0.00    0.50     0.19    -18.62711403     16.14494971 
 0.00    0.50     0.21    -18.87191922     18.47499714 
 0.00    0.50     0.23    -18.83357866     21.02020182 
 0.50    0.50     0.15    -16.76977663     12.23089758 
 0.50    0.50     0.17    -17.47944109     14.05818984 
 0.50    0.50     0.19    -17.93135683     16.14494971 
 0.50    0.50     0.21    -18.10219974     18.47499714 
 0.50    0.50     0.23    -17.97807763     21.02020182 
 1.00    0.50     0.15    -16.30774542     12.23089758 
 1.00    0.50     0.17    -16.99184886     14.05818984 
 1.00    0.50     0.19    -17.40981695     16.14494971 
 1.00    0.50     0.21    -17.53789854     18.47499714 
 1.00    0.50     0.23    -17.36271579     21.02020182 
 1.50    0.50     0.15    -15.95247804     12.23089758 
 1.50    0.50     0.17    -16.63301085     14.05818984 
 1.50    0.50     0.19    -17.04146206     16.14494971 
 1.50    0.50     0.21    -17.15426174     18.47499714 
 1.50    0.50     0.23    -16.95925775     21.02020182 
 2.00    0.50     0.15    -15.69263962     12.23089758 
 2.00    0.50     0.17    -16.38909727     14.05818984 
 2.00    0.50     0.19    -16.81015505     16.14494971 
 2.00    0.50     0.21    -16.93316522     18.47499714 
 2.00    0.50     0.23    -16.74808500     21.02020181 
 2.50    0.50     0.15    -15.51886374     12.23089758 
 2.50    0.50     0.17    -16.24912088     14.05818984 
 2.50    0.50     0.19    -16.70357918     16.14494971 
 2.50    0.50     0.21    -16.86137634     18.47499714 
 2.50    0.50     0.23    -16.71563027     21.02020182 
 3.00    0.50     0.15    -15.42349036     12.23089758 
 3.00    0.50     0.17    -16.20441823     14.05818984 
 3.00    0.50     0.19    -16.71238886     16.14494971 
 3.00    0.50     0.21    -16.92930694     18.47499714 
 3.00    0.50     0.23    -16.85273027     21.02020182 
-3.00    0.75     0.15    -28.68274170     12.23089758 
-3.00    0.75     0.17    -32.16286772     14.05818984 
-3.00    0.75     0.19    -37.39386650     16.14494971 
-3.00    0.75     0.21    -74.97167267     18.47499714 
-3.00    0.75     0.23    -81.39878726     21.02020181 
-2.50    0.75     0.15    -26.48207293     12.23089758 
-2.50    0.75     0.17    -29.13040458     14.05818984 
-2.50    0.75     0.19    -32.26007687     16.14494971 
-2.50    0.75     0.21    -36.73693596     18.47499714 
-2.50    0.75     0.23    -50.16502179     21.02020181 
-2.00    0.75     0.15    -24.56965787     12.23089758 
-2.00    0.75     0.17    -26.65622707     14.05818984 
-2.00    0.75     0.19    -28.83178989     16.14494971 
-2.00    0.75     0.21    -31.23206398     18.47499714 
-2.00    0.75     0.23    -34.19660431     21.02020181 
-1.50    0.75     0.15    -22.91929118     12.23089758 
-1.50    0.75     0.17    -24.60500222     14.05818984 
-1.50    0.75     0.19    -26.21837671     16.14494971 
-1.50    0.75     0.21    -27.77282800     18.47499714 
-1.50    0.75     0.23    -29.30623728     21.02020182 
-1.00    0.75     0.15    -21.50747744     12.23089758 
-1.00    0.75     0.17    -22.90209114     14.05818984 
-1.00    0.75     0.19    -24.14810369     16.14494971 
-1.00    0.75     0.21    -25.23161344     18.47499714 
-1.00    0.75     0.23    -26.14691458     21.02020182 
-0.50    0.75     0.15    -20.31141064     12.23089758 
-0.50    0.75     0.17    -21.49530782     14.05818984 
-0.50    0.75     0.19    -22.49066306     16.14494971 
-0.50    0.75     0.21    -23.27677007     18.47499714 
-0.50    0.75     0.23    -23.84010376     21.02020182 
 0.00    0.75     0.15    -19.30877614     12.23089758 
 0.00    0.75     0.17    -20.34281143     14.05818984 
 0.00    0.75     0.19    -21.16500204     16.14494971 
 0.00    0.75     0.21    -21.75250156     18.47499714 
 0.00    0.75     0.23    -22.09002575     21.02020181 
 0.50    0.75     0.15    -18.47816398     12.23089758 
 0.50    0.75     0.17    -19.40934586     14.05818984 
 0.50    0.75     0.19    -20.11339354     16.14494971 
 0.50    0.75     0.21    -20.56621619     18.47499714 
 0.50    0.75     0.23    -20.75194246     21.02020181 
 1.00    0.75     0.15    -17.79969079     12.23089758 
 1.00    0.75     0.17    -18.66499620     14.05818984 
 1.00    0.75     0.19    -19.29212844     16.14494971 
 1.00    0.75     0.21    -19.65601453     18.47499714 
 1.00    0.75     0.23    -19.74058437     21.02020181 
 1.50    0.75     0.15    -17.25548325     12.23089758 
 1.50    0.75     0.17    -18.08469694     14.05818984 
 1.50    0.75     0.19    -18.66748057     16.14494971 
 1.50    0.75     0.21    -18.97812561     18.47499714 
 1.50    0.75     0.23    -19.00082332     21.02020181 
 2.00    0.75     0.15    -16.82993303     12.23089758 
 2.00    0.75     0.17    -17.64780333     14.05818984 
 2.00    0.75     0.19    -18.21336019     16.14494970 
 2.00    0.75     0.21    -18.50081877     18.47499713 
 2.00    0.75     0.23    -18.49526962     21.02020181 
 2.50    0.75     0.15    -16.50974177     12.23089758 
 2.50    0.75     0.17    -17.33755605     14.05818984 
 2.50    0.75     0.19    -17.90964479     16.14494970 
 2.50    0.75     0.21    -18.20084839     18.47499713 
 2.50    0.75     0.23    -18.19796458     21.02020181 
 3.00    0.75     0.15    -16.28376707     12.23089758 
 3.00    0.75     0.17    -17.14053009     14.05818984 
 3.00    0.75     0.19    -17.74088570     16.14494970 
 3.00    0.75     0.21    -18.06112852     18.47499713 
 3.00    0.75     0.23    -18.09076576     21.02020181 
-3.00    1.00     0.15    -34.09875346     12.23089758 
-3.00    1.00     0.17    -41.39173553     14.05818984 
-3.00    1.00     0.19    -44.10221808     16.14494971 
-3.00    1.00     0.21    -50.81672882     18.47499714 
-3.00    1.00     0.23    -50.39955301     21.02020181 
-2.50    1.00     0.15    -31.25639354     12.23089758 
-2.50    1.00     0.17    -35.81084798     14.05818984 
-2.50    1.00     0.19    -1115.40224370     16.14494971 
-2.50    1.00     0.21    -189.21735644     18.47499714 
-2.50    1.00     0.23    -43.47755641     21.02020181 
-2.00    1.00     0.15    -28.78912421     12.23089758 
-2.00    1.00     0.17    -32.11110454     14.05818984 
-2.00    1.00     0.19    -36.61637933     16.14494970 
-2.00    1.00     0.21    -48.24160545     18.47499713 
-2.00    1.00     0.23    -46.32601699     21.02020181 
-1.50    1.00     0.15    -26.64180490     12.23089758 
-1.50    1.00     0.17    -29.21243737     14.05818984 
-1.50    1.00     0.19    -32.09991984     16.14494970 
-1.50    1.00     0.21    -35.73788346     18.47499713 
-1.50    1.00     0.23    -41.95982079     21.02020180 
-1.00    1.00     0.15    -24.78109337     12.23089758 
-1.00    1.00     0.17    -26.83942475     14.05818984 
-1.00    1.00     0.19    -28.92095436     16.14494970 
-1.00    1.00     0.21    -31.08705322     18.47499713 
-1.00    1.00     0.23    -33.47679404     21.02020181 
-0.50    1.00     0.15    -23.18104316     12.23089758 
-0.50    1.00     0.17    -24.87463105     14.05818984 
-0.50    1.00     0.19    -26.46739255     16.14494970 
-0.50    1.00     0.21    -27.95262397     18.47499713 
-0.50    1.00     0.23    -29.33615676     21.02020181 
 0.00    1.00     0.15    -21.81794209     12.23089758 
 0.00    1.00     0.17    -23.24937083     14.05818984 
 0.00    1.00     0.19    -24.52114932     16.14494970 
 0.00    1.00     0.21    -25.61196076     18.47499713 
 0.00    1.00     0.23    -26.50777539     21.02020181 
 0.50    1.00     0.15    -20.66870125     12.23089758 
 0.50    1.00     0.17    -21.91367525     14.05818984 
 0.50    1.00     0.19    -22.96838164     16.14494970 
 0.50    1.00     0.21    -23.80815768     18.47499713 
 0.50    1.00     0.23    -24.41571868     21.02020181 
 1.00    1.00     0.15    -19.71077309     12.23089758 
 1.00    1.00     0.17    -20.82681039     14.05818984 
 1.00    1.00     0.19    -21.73486706     16.14494970 
 1.00    1.00     0.21    -22.40905424     18.47499713 
 1.00    1.00     0.23    -22.83141304     21.02020180 
 1.50    1.00     0.15    -18.92266394     12.23089758 
 1.50    1.00     0.17    -19.95427063     14.05818984 
 1.50    1.00     0.19    -20.76640883     16.14494970 
 1.50    1.00     0.21    -21.33223544     18.47499713 
 1.50    1.00     0.23    -21.63351813     21.02020180 
 2.00    1.00     0.15    -18.28454763     12.23089758 
 2.00    1.00     0.17    -19.26683095     14.05818983 
 2.00    1.00     0.19    -20.02158006     16.14494970 
 2.00    1.00     0.21    -20.52117871     18.47499713 
 2.00    1.00     0.23    -20.74743483     21.02020180 
 2.50    1.00     0.15    -17.77871124     12.23089758 
 2.50    1.00     0.17    -18.74007811     14.05818983 
 2.50    1.00     0.19    -19.46829374     16.14494970 
 2.50    1.00     0.21    -19.93538171     18.47499713 
 2.50    1.00     0.23    -20.12372402     21.02020180 
 3.00    1.00     0.15    -17.38976278     12.23089758 
 3.00    1.00     0.17    -18.35396706     14.05818983 
 3.00    1.00     0.19    -19.08168780     16.14494970 
 3.00    1.00     0.21    -19.54525179     18.47499713 
 3.00    1.00     0.23    -19.72834769     21.02020180 
