     0.00000     1.00000     1.30465     0.15000    -6.80672   -13.78945   -12.94557   -14.22671     0.00000000     0.00000017
     0.00000     1.00000     1.36023     0.17000    -6.26822   -13.88254   -13.10612   -14.67538     0.00000000     0.00000085
     0.00000     1.00000     1.41161     0.19000    -5.29597   -13.65649   -12.91814   -14.80880    -0.00000000     0.00000097
     0.00000     1.00000     1.45950     0.21000    -3.89926   -13.10318   -12.37488   -14.60908    -0.00000000    -0.00000060
     0.00000     1.00000     1.50443     0.23000    -2.09077   -12.21516   -11.47833   -14.07233    -0.00000000    -0.00000041
     0.00000     1.25000     1.30465     0.15000    -6.53912   -13.63884   -12.82561   -14.17473     0.00000000     0.00000044
     0.00000     1.25000     1.36023     0.17000    -5.92185   -13.72098   -12.97137   -14.64248    -0.00000000     0.00000068
     0.00000     1.25000     1.41161     0.19000    -4.86144   -13.48271   -12.76404   -14.79476     0.00000000    -0.00000051
     0.00000     1.25000     1.45950     0.21000    -3.36757   -12.91459   -12.19775   -14.61471    -0.00000000    -0.00000097
     0.00000     1.25000     1.50443     0.23000    -1.45340   -12.00805   -11.27567   -14.10034     0.00000000    -0.00000085
     0.00000     1.50000     1.30465     0.15000    -6.27152   -13.50347   -12.71746   -14.14043     0.00000000    -0.00000012
     0.00000     1.50000     1.36023     0.17000    -5.57549   -13.57869   -12.85032   -14.63133    -0.00000000     0.00000072
     0.00000     1.50000     1.41161     0.19000    -4.42690   -13.33250   -12.62580   -14.80738     0.00000000    -0.00000045
     0.00000     1.50000     1.45950     0.21000    -2.83588   -12.75406   -12.03898   -14.65300    -0.00000000     0.00000006
     0.00000     1.50000     1.50443     0.23000    -0.81604   -11.83367   -11.09436   -14.16842    -0.00000000    -0.00000063
     0.00000     1.75000     1.30465     0.15000    -6.00392   -13.38328   -12.62049   -14.12319    -0.00000000    -0.00000023
     0.00000     1.75000     1.36023     0.17000    -5.22912   -13.45563   -12.74222   -14.64128    -0.00000000     0.00000083
     0.00000     1.75000     1.41161     0.19000    -3.99237   -13.20580   -12.50250   -14.84600     0.00000000    -0.00000007
     0.00000     1.75000     1.45950     0.21000    -2.30419   -12.62152   -11.89752   -14.72335    -0.00000000     0.00000038
     0.00000     1.75000     1.50443     0.23000    -0.17867   -11.69200   -10.93325   -14.27615     0.00000000    -0.00000057
     0.10000     1.00000     1.30465     0.15000    -7.28769   -14.27107   -13.33709   -14.56488     0.00000000     0.00000009
     0.10000     1.00000     1.36023     0.17000    -6.88194   -14.43723   -13.56896   -15.04989     0.00000000     0.00000001
     0.10000     1.00000     1.41161     0.19000    -6.05699   -14.28898   -13.46452   -15.22842     0.00000000    -0.00000032
     0.10000     1.00000     1.45950     0.21000    -4.82143   -13.81922   -13.01579   -15.08107    -0.00000000    -0.00000019
     0.10000     1.00000     1.50443     0.23000    -3.18724   -13.02114   -12.22302   -14.60153    -0.00000000    -0.00000092
     0.10000     1.25000     1.30465     0.15000    -7.02009   -14.10060   -13.20104   -14.48964    -0.00000000     0.00000017
     0.10000     1.25000     1.36023     0.17000    -6.53558   -14.25063   -13.41606   -14.98957     0.00000000    -0.00000039
     0.10000     1.25000     1.41161     0.19000    -5.62246   -14.08471   -13.29014   -15.18211    -0.00000000     0.00000083
     0.10000     1.25000     1.45950     0.21000    -4.28974   -13.59440   -12.81600   -15.04863    -0.00000000    -0.00000021
     0.10000     1.25000     1.50443     0.23000    -2.54987   -12.77182   -11.99490   -14.58439    -0.00000000     0.00000002
     0.10000     1.50000     1.30465     0.15000    -6.75248   -13.94538   -13.07775   -14.43314    -0.00000000    -0.00000006
     0.10000     1.50000     1.36023     0.17000    -6.18922   -14.08333   -13.27804   -14.95216     0.00000000    -0.00000028
     0.10000     1.50000     1.41161     0.19000    -5.18793   -13.90399   -13.13299   -15.16365     0.00000000     0.00000097
     0.10000     1.50000     1.45950     0.21000    -3.75805   -13.39758   -12.63611   -15.05002    -0.00000000    -0.00000068
     0.10000     1.50000     1.50443     0.23000    -1.91250   -12.55510   -11.78987   -14.60839     0.00000000    -0.00000010
     0.10000     1.75000     1.30465     0.15000    -6.48488   -13.80536   -12.96654   -14.39465     0.00000000     0.00000014
     0.10000     1.75000     1.36023     0.17000    -5.84285   -13.93525   -13.15406   -14.93687    -0.00000000     0.00000066
     0.10000     1.75000     1.41161     0.19000    -4.75339   -13.74676   -12.99204   -15.17223    -0.00000000    -0.00000027
     0.10000     1.75000     1.45950     0.21000    -3.22636   -13.22870   -12.47497   -15.08447    -0.00000000     0.00000070
     0.10000     1.75000     1.50443     0.23000    -1.27514   -12.37096   -11.60662   -14.67288     0.00000000    -0.00000082
     0.10000     2.00000     1.30465     0.15000    -6.21728   -13.68049   -12.86675   -14.37353     0.00000000     0.00000015
     0.10000     2.00000     1.36023     0.17000    -5.49649   -13.80635   -13.04330   -14.94299     0.00000000     0.00000070
     0.10000     2.00000     1.41161     0.19000    -4.31886   -13.61295   -12.86635   -15.20716     0.00000000    -0.00000083
     0.10000     2.00000     1.45950     0.21000    -2.69467   -13.08771   -12.33149   -15.15133    -0.00000000     0.00000024
     0.10000     2.00000     1.50443     0.23000    -0.63777   -12.21935   -11.44394   -14.77734    -0.00000000    -0.00000000
     0.10000     2.50000     1.30465     0.15000    -5.68208   -13.47606   -12.69906   -14.38112    -0.00000000    -0.00000003
     0.10000     2.50000     1.36023     0.17000    -4.80376   -13.60585   -12.85857   -15.01711     0.00000000     0.00000028
     0.10000     2.50000     1.41161     0.19000    -3.44979   -13.41540   -12.65736   -15.35373    -0.00000000    -0.00000065
     0.10000     2.50000     1.45950     0.21000    -1.63130   -12.88918   -12.09363   -15.38024     0.00000000     0.00000025
     0.10000     2.50000     1.50443     0.23000     0.63696   -12.01361   -11.17591   -15.10491    -0.00000000     0.0000005
     0.10000     3.00000     1.30465     0.15000    -5.14687   -13.33170   -12.57020   -14.45194    -0.00000000     0.00000058
     0.10000     3.00000     1.36023     0.17000    -4.11103   -13.48139   -12.71847   -15.17048    -0.00000000    -0.00000007
     0.10000     3.00000     1.41161     0.19000    -2.58072   -13.31086   -12.49978   -15.59952    -0.00000000    -0.00000074
     0.10000     3.00000     1.45950     0.21000    -0.56792   -12.80156   -11.91544   -15.73370     0.00000000     0.00000036
     0.10000     3.00000     1.50443     0.23000     1.91169   -11.93762   -10.97786   -15.58965     0.00000000     0.00000089
     0.20000     1.00000     1.30465     0.15000    -7.76865   -14.78347   -13.75415   -14.93865    -0.00000000     0.00000008
     0.20000     1.00000     1.36023     0.17000    -7.49567   -15.03046   -14.06023   -15.46499     0.00000000     0.00000027
     0.20000     1.00000     1.41161     0.19000    -6.81801   -14.96817   -14.04214   -15.69423    -0.00000000     0.00000042
     0.20000     1.00000     1.45950     0.21000    -5.74361   -14.59041   -13.69083   -15.60560     0.00000000    -0.00000010
     0.20000     1.00000     1.50443     0.23000    -4.28370   -13.89101   -13.00494   -15.19067     0.00000000     0.00000001
     0.20000     1.25000     1.30465     0.15000    -7.50105   -14.59317   -13.60051   -14.83829     0.00000000     0.00000009
     0.20000     1.25000     1.36023     0.17000    -7.14931   -14.81891   -13.88738   -15.37523    -0.00000000     0.00000003
     0.20000     1.25000     1.41161     0.19000    -6.38348   -14.73354   -13.84537   -15.61348    -0.00000000    -0.00000024
     0.20000     1.25000     1.45950     0.21000    -5.21192   -14.32960   -13.46595   -15.53286    -0.00000000     0.00000052
     0.20000     1.25000     1.50443     0.23000    -3.64633   -13.59986   -12.74867   -15.12617    -0.00000000     0.00000069
     0.20000     1.50000     1.30465     0.15000    -7.23345   -14.41813   -13.46069   -14.75793     0.00000000     0.00000015
     0.20000     1.50000     1.36023     0.17000    -6.80294   -14.62665   -13.73071   -15.30977     0.00000000     0.00000024
     0.20000     1.50000     1.41161     0.19000    -5.94895   -14.52244   -13.66734   -15.56207    -0.00000000     0.00000098
     0.20000     1.50000     1.45950     0.21000    -4.68023   -14.09673   -13.26274   -15.49546    -0.00000000    -0.00000029
     0.20000     1.50000     1.50443     0.23000    -3.00897   -13.34119   -12.51745   -15.10427     0.00000000     0.00000013
     0.20000     1.75000     1.30465     0.15000    -6.96585   -14.25831   -13.33392   -14.69671     0.00000000     0.00000008
     0.20000     1.75000     1.36023     0.17000    -6.45658   -14.45362   -13.58927   -15.26764    -0.00000000     0.00000030
     0.20000     1.75000     1.41161     0.19000    -5.51441   -14.33482   -13.50693   -15.53898     0.00000000     0.00000007
     0.20000     1.75000     1.45950     0.21000    -4.14854   -13.89174   -13.07987   -15.49239     0.00000000     0.00000022
     0.20000     1.75000     1.50443     0.23000    -2.37160   -13.11497   -12.30981   -15.12403     0.00000000     0.00000026
     0.20000     2.00000     1.30465     0.15000    -6.69824   -14.11366   -13.21952   -14.65386     0.00000000     0.00000017
     0.20000     2.00000     1.36023     0.17000    -6.11022   -14.29978   -13.46218   -15.24801    -0.00000000     0.00000053
     0.20000     2.00000     1.41161     0.19000    -5.07988   -14.17060   -13.36309   -15.54335    -0.00000000     0.00000089
     0.20000     2.00000     1.45950     0.21000    -3.61685   -13.71458   -12.91615   -15.52280    -0.00000000    -0.00000095
     0.20000     2.00000     1.50443     0.23000    -1.73424   -12.92115   -12.12439   -15.18470     0.00000000    -0.00000096
     0.20000     2.25000     1.30465     0.15000    -6.43064   -13.98414   -13.11679   -14.62870     0.00000000     0.00000021
     0.20000     2.25000     1.36023     0.17000    -5.76385   -14.16506   -13.34862   -15.25014    -0.00000000     0.00000041
     0.20000     2.25000     1.41161     0.19000    -4.64535   -14.02974   -13.23485   -15.57441    -0.00000000    -0.00000069
     0.20000     2.25000     1.45950     0.21000    -3.08516   -13.56520   -12.77046   -15.58597     0.00000000     0.00000007
     0.20000     2.25000     1.50443     0.23000    -1.09687   -12.75971   -11.95991   -15.28570    -0.00000000     0.00000008
     0.20000     2.50000     1.30465     0.15000    -6.16304   -13.86970   -13.02513   -14.62062    -0.00000000     0.00000020
     0.20000     2.50000     1.36023     0.17000    -5.41749   -14.04942   -13.24782   -15.27338     0.00000000     0.00000054
     0.20000     2.50000     1.41161     0.19000    -4.21081   -13.91218   -13.12130   -15.63151    -0.00000000    -0.00000051
     0.20000     2.50000     1.45950     0.21000    -2.55347   -13.44354   -12.64177   -15.68132     0.00000000     0.00000093
     0.20000     2.50000     1.50443     0.23000    -0.45950   -12.63061   -11.81524   -15.42662     0.00000000    -0.00000074
     0.20000     2.75000     1.30465     0.15000    -5.89544   -13.77030   -12.94393   -14.62904    -0.00000000     0.00000018
     0.20000     2.75000     1.36023     0.17000    -5.07112   -13.95279   -13.15907   -15.31714     0.00000000    -0.00000007
     0.20000     2.75000     1.41161     0.19000    -3.77628   -13.81785   -13.02162   -15.71409     0.00000000    -0.00000063
     0.20000     2.75000     1.45950     0.21000    -2.02178   -13.34955   -12.52912   -15.80838     0.00000000     0.00000012
     0.20000     2.75000     1.50443     0.23000     0.17786   -12.53383   -11.68930   -15.60715    -0.00000000     0.00000001
     0.20000     3.00000     1.30465     0.15000    -5.62784   -13.68588   -12.87263   -14.65349    -0.00000000     0.00000031
     0.20000     3.00000     1.36023     0.17000    -4.72476   -13.87512   -13.08170   -15.38092     0.00000000    -0.00000027
     0.20000     3.00000     1.41161     0.19000    -3.34175   -13.74670   -12.93503   -15.82168     0.00000000    -0.00000094
     0.20000     3.00000     1.45950     0.21000    -1.49009   -13.28317   -12.43163   -15.96675    -0.00000000     0.00000068
     0.20000     3.00000     1.50443     0.23000     0.81523   -12.46932   -11.58110   -15.82713    -0.00000000     0.00000003
     0.20000     3.25000     1.30465     0.15000    -5.36024   -13.61641   -12.81072   -14.69352     0.00000000     0.00000055
     0.20000     3.25000     1.36023     0.17000    -4.37840   -13.81636   -13.01509   -15.46428     0.00000000    -0.00000006
     0.20000     3.25000     1.41161     0.19000    -2.90721   -13.69866   -12.86080   -15.95389     0.00000000    -0.00000018
     0.20000     3.25000     1.45950     0.21000    -0.95840   -13.24437   -12.34849   -16.15616     0.00000000     0.00000076
     0.20000     3.25000     1.50443     0.23000     1.45260   -12.43706   -11.48975   -16.08649     0.00000000     0.00000005
     0.20000     3.50000     1.30465     0.15000    -5.09263   -13.56185   -12.75771   -14.74872     0.00000000     0.00000054
     0.20000     3.50000     1.36023     0.17000    -4.03203   -13.77645   -12.95866   -15.56682     0.00000000    -0.00000097
     0.20000     3.50000     1.41161     0.19000    -2.47268   -13.67370   -12.79827   -16.11036     0.00000000    -0.00000005
     0.20000     3.50000     1.45950     0.21000    -0.42671   -13.23308   -12.27894   -16.37639     0.00000000    -0.00000061
     0.20000     3.50000     1.50443     0.23000     2.08996   -12.43701   -11.41439   -16.38524     0.00000000     0.00000016
     0.20000     3.75000     1.30465     0.15000    -4.82503   -13.52214   -12.71314   -14.81875     0.00000000    -0.00000089
     0.20000     3.75000     1.36023     0.17000    -3.68567   -13.75535   -12.91187   -15.68822     0.00000000     0.00000017
     0.20000     3.75000     1.41161     0.19000    -2.03815   -13.67174   -12.74683   -16.29081    -0.00000000    -0.00000007
     0.20000     3.75000     1.45950     0.21000     0.10498   -13.24925   -12.22229   -16.62728     0.00000000     0.00000071
     0.20000     3.75000     1.50443     0.23000     2.72733   -12.46915   -11.35425   -16.72349     0.00000000     0.00000085
     0.20000     4.00000     1.30465     0.15000    -4.55743   -13.49724   -12.67659   -14.90328     0.00000000     0.00000046
     0.20000     4.00000     1.36023     0.17000    -3.33931   -13.75299   -12.87421   -15.82816    -0.00000000    -0.00000001
     0.20000     4.00000     1.41161     0.19000    -1.60361   -13.69273   -12.70589   -16.49503    -0.00000000     0.00000005
     0.20000     4.00000     1.45950     0.21000     0.63667   -13.29284   -12.17788   -16.90876     0.00000000     0.00000015
     0.20000     4.00000     1.50443     0.23000     3.36469   -12.53344   -11.30861   -17.10143    -0.00000000     0.00000090
     0.30000     2.00000     1.30465     0.15000    -7.17921   -14.57759   -13.59416   -14.96548     0.00000000     0.00000013
     0.30000     2.00000     1.36023     0.17000    -6.72394   -14.83179   -13.90504   -15.58894     0.00000000     0.00000042
     0.30000     2.00000     1.41161     0.19000    -5.84090   -14.77508   -13.88587   -15.92075     0.00000000     0.00000071
     0.30000     2.00000     1.45950     0.21000    -4.53902   -14.39693   -13.52901   -15.94177    -0.00000000    -0.00000031
     0.30000     2.00000     1.50443     0.23000    -2.83070   -13.68745   -12.83544   -15.64717     0.00000000     0.00000089
     0.30000     2.25000     1.30465     0.15000    -6.91161   -14.42833   -13.47642   -14.91809    -0.00000000     0.00000019
     0.30000     2.25000     1.36023     0.17000    -6.37758   -14.67221   -13.77469   -15.56480    -0.00000000     0.00000054
     0.30000     2.25000     1.41161     0.19000    -5.40637   -14.60393   -13.73895   -15.92070     0.00000000    -0.00000011
     0.30000     2.25000     1.45950     0.21000    -4.00734   -14.21155   -13.36251   -15.96792    -0.00000000    -0.00000030
     0.30000     2.25000     1.50443     0.23000    -2.19333   -13.48405   -12.64760   -15.70379     0.00000000    -0.00000001
     0.30000     2.50000     1.30465     0.15000    -6.64401   -14.29417   -13.37063   -14.88873     0.00000000     0.00000023
     0.30000     2.50000     1.36023     0.17000    -6.03122   -14.53171   -13.65817   -15.56276    -0.00000000     0.00000092
     0.30000     2.50000     1.41161     0.19000    -4.97184   -14.45606   -13.60798   -15.94770     0.00000000    -0.00000022
     0.30000     2.50000     1.45950     0.21000    -3.47565   -14.05385   -13.21440   -16.02722    -0.00000000     0.00000091
     0.30000     2.50000     1.50443     0.23000    -1.55597   -13.31288   -12.48111   -15.80111    -0.00000000    -0.00000097
     0.30000     2.75000     1.30465     0.15000    -6.37640   -14.17506   -13.27614   -14.87674     0.00000000     0.00000024
     0.30000     2.75000     1.36023     0.17000    -5.68485   -14.41023   -13.55470   -15.58215     0.00000000    -0.00000001
     0.30000     2.75000     1.41161     0.19000    -4.53730   -14.33140   -13.49202   -16.00108     0.00000000    -0.00000004
     0.30000     2.75000     1.45950     0.21000    -2.94396   -13.92375   -13.08363   -16.11902    -0.00000000    -0.00000090
     0.30000     2.75000     1.50443     0.23000    -0.91860   -13.17389   -12.33478   -15.93866    -0.00000000    -0.00000070
     0.30000     3.00000     1.30465     0.15000    -6.10880   -14.07096   -13.19235   -14.88153    -0.00000000     0.00000024
     0.30000     3.00000     1.36023     0.17000    -5.33849   -14.30771   -13.46354   -15.62233    -0.00000000     0.00000057
     0.30000     3.00000     1.41161     0.19000    -4.10277   -14.22991   -13.39020   -16.08020     0.00000000     0.00000019
     0.30000     3.00000     1.45950     0.21000    -2.41227   -13.82121   -12.96921   -16.24279    -0.00000000    -0.00000050
     0.30000     3.00000     1.50443     0.23000    -0.28124   -13.06705   -12.20749   -16.11607    -0.00000000     0.00000041
     0.30000     3.25000     1.30465     0.15000    -5.84120   -13.98182   -13.11867   -14.90259    -0.00000000     0.00000030
     0.30000     3.25000     1.36023     0.17000    -4.99213   -14.22411   -13.38399   -15.68278    -0.00000000    -0.00000086
     0.30000     3.25000     1.41161     0.19000    -3.66824   -14.15152   -13.30172   -16.18458    -0.00000000    -0.00000069
     0.30000     3.25000     1.45950     0.21000    -1.88058   -13.74618   -12.87022   -16.39810     0.00000000    -0.00000032
     0.30000     3.25000     1.50443     0.23000     0.35613   -12.99233   -12.09823   -16.33311    -0.00000000    -0.00000000
     0.30000     3.50000     1.30465     0.15000    -5.57360   -13.90759   -13.05459   -14.93943    -0.00000000     0.00000055
     0.30000     3.50000     1.36023     0.17000    -4.64576   -14.15937   -13.31542   -15.76301     0.00000000    -0.00000049
     0.30000     3.50000     1.41161     0.19000    -3.23370   -14.09618   -13.22585   -16.31376    -0.00000000    -0.00000095
     0.30000     3.50000     1.45950     0.21000    -1.34889   -13.69861   -12.78582   -16.58463    -0.00000000    -0.00000003
     0.30000     3.50000     1.50443     0.23000     0.99350   -12.94970   -12.00607   -16.58967     0.00000000     0.00000016
     0.30000     3.75000     1.30465     0.15000    -5.30600   -13.84823   -12.99958   -14.99163     0.00000000     0.00000075
     0.30000     3.75000     1.36023     0.17000    -4.29940   -14.11344   -13.25723   -15.86260     0.00000000    -0.00000058
     0.30000     3.75000     1.41161     0.19000    -2.79917   -14.06382   -13.16188   -16.46737     0.00000000     0.00000016
     0.30000     3.75000     1.45950     0.21000    -0.81720   -13.67844   -12.71524   -16.80212    -0.00000000    -0.00000002
     0.30000     3.75000     1.50443     0.23000     1.63086   -12.93913   -11.93011   -16.88572     0.00000000     0.00000073
     0.30000     4.00000     1.30465     0.15000    -5.03840   -13.80371   -12.95318   -15.05883    -0.00000000     0.00000014
     0.30000     4.00000     1.36023     0.17000    -3.95303   -14.08626   -13.20886   -15.98120    -0.00000000     0.00000033
     0.30000     4.00000     1.41161     0.19000    -2.36464   -14.05441   -13.10920   -16.64512    -0.00000000    -0.00000003
     0.30000     4.00000     1.45950     0.21000    -0.28551   -13.68563   -12.65774   -17.05038     0.00000000    -0.00000099
     0.30000     4.00000     1.50443     0.23000     2.26823   -12.96058   -11.86958   -17.22133    -0.00000000     0.00000010
     0.40000     2.00000     1.30465     0.15000    -7.66017   -15.07214   -13.99260   -15.31080    -0.00000000     0.00000012
     0.40000     2.00000     1.36023     0.17000    -7.33767   -15.40212   -14.37417   -15.96829    -0.00000000     0.00000044
     0.40000     2.00000     1.41161     0.19000    -6.60193   -15.42597   -14.43730   -16.34197    -0.00000000     0.00000075
     0.40000     2.00000     1.45950     0.21000    -5.46120   -15.13411   -14.17298   -16.41081     0.00000000     0.00000086
     0.40000     2.00000     1.50443     0.23000    -3.92716   -14.51733   -13.58031   -16.16724     0.00000000    -0.00000085
     0.40000     2.25000     1.30465     0.15000    -7.39257   -14.90317   -13.85846   -15.23952     0.00000000     0.00000018
     0.40000     2.25000     1.36023     0.17000    -6.99131   -15.21775   -14.22537   -15.91609    -0.00000000     0.00000050
     0.40000     2.25000     1.41161     0.19000    -6.16739   -15.22467   -14.26979   -16.30895     0.00000000     0.00000072
     0.40000     2.25000     1.45950     0.21000    -4.92951   -14.91299   -13.98350   -16.39811    -0.00000000     0.00000028
     0.40000     2.25000     1.50443     0.23000    -3.28980   -14.27235   -13.36670   -16.17773     0.00000000    -0.00000005
     0.40000     2.50000     1.30465     0.15000    -7.12497   -14.74932   -13.73725   -15.18739     0.00000000     0.00000020
     0.40000     2.50000     1.36023     0.17000    -6.64494   -15.05247   -14.09159   -15.88722    -0.00000000     0.00000059
     0.40000     2.50000     1.41161     0.19000    -5.73286   -15.04663   -14.11961   -16.30425    -0.00000000     0.00000012
     0.40000     2.50000     1.45950     0.21000    -4.39782   -14.71947   -13.81400   -16.41979     0.00000000    -0.00000060
     0.40000     2.50000     1.50443     0.23000    -2.65243   -14.05947   -13.17621   -16.23006    -0.00000000    -0.00000023
     0.40000     2.75000     1.30465     0.15000    -6.85737   -14.61054   -13.62827   -15.15364     0.00000000     0.00000025
     0.40000     2.75000     1.36023     0.17000    -6.29858   -14.90621   -13.97197   -15.88085    -0.00000000     0.00000083
     0.40000     2.75000     1.41161     0.19000    -5.29833   -14.89179   -13.98573   -16.32704    -0.00000000     0.00000005
     0.40000     2.75000     1.45950     0.21000    -3.86613   -14.55350   -13.66328   -16.47502     0.00000000     0.00000002
     0.40000     2.75000     1.50443     0.23000    -2.01507   -13.87865   -13.00748   -16.32349    -0.00000000    -0.00000011
     0.40000     3.00000     1.30465     0.15000    -6.58977   -14.48678   -13.53083   -15.13759    -0.00000000     0.00000027
     0.40000     3.00000     1.36023     0.17000    -5.95222   -14.77892   -13.86568   -15.89622     0.00000000     0.00000085
     0.40000     3.00000     1.41161     0.19000    -4.86379   -14.76009   -13.86718   -16.37651    -0.00000000    -0.00000006
     0.40000     3.00000     1.45950     0.21000    -3.33444   -14.41504   -13.53025   -16.56308     0.00000000     0.00000031
     0.40000     3.00000     1.50443     0.23000    -1.37770   -13.72986   -12.85927   -16.45746     0.00000000     0.00000030
     0.40000     3.25000     1.30465     0.15000    -6.32216   -14.37799   -13.44433   -15.13861     0.00000000     0.00000028
     0.40000     3.25000     1.36023     0.17000    -5.60585   -14.67055   -13.77196   -15.93269    -0.00000000     0.00000058
     0.40000     3.25000     1.41161     0.19000    -4.42926   -14.65148   -13.76307   -16.45204    -0.00000000    -0.00000064
     0.40000     3.25000     1.45950     0.21000    -2.80275   -14.30402   -13.41387   -16.68340     0.00000000     0.00000005
     0.40000     3.25000     1.50443     0.23000    -0.74033   -13.61307   -12.73044   -16.63155     0.00000000     0.00000004
     0.40000     3.50000     1.30465     0.15000    -6.05456   -14.28414   -13.36817   -15.15614     0.00000000     0.00000031
     0.40000     3.50000     1.36023     0.17000    -5.25949   -14.58105   -13.69011   -15.98966    -0.00000000    -0.00000003
     0.40000     3.50000     1.41161     0.19000    -3.99472   -14.56590   -13.67257   -16.55305    -0.00000000     0.00000014
     0.40000     3.50000     1.45950     0.21000    -2.27106   -14.22040   -13.31321   -16.83550    -0.00000000     0.00000000
     0.40000     3.50000     1.50443     0.23000    -0.10297   -13.52824   -12.61993   -16.84549    -0.00000000     0.00000035
     0.40000     3.75000     1.30465     0.15000    -5.78696   -14.20517   -13.30179   -15.18968     0.00000000     0.00000046
     0.40000     3.75000     1.36023     0.17000    -4.91313   -14.51036   -13.61946   -16.06664    -0.00000000     0.00000020
     0.40000     3.75000     1.41161     0.19000    -3.56019   -14.50329   -13.59490   -16.67908    -0.00000000    -0.00000078
     0.40000     3.75000     1.45950     0.21000    -1.73937   -14.16413   -13.22740   -17.01901    -0.00000000     0.00000039
     0.40000     3.75000     1.50443     0.23000     0.53440   -13.47534   -12.52676   -17.09909    -0.00000000    -0.00000004
     0.40000     4.00000     1.30465     0.15000    -5.51936   -14.14104   -13.24469   -15.23878     0.00000000     0.00000066
     0.40000     4.00000     1.36023     0.17000    -4.56676   -14.45843   -13.55939   -16.16318    -0.00000000    -0.00000086
     0.40000     4.00000     1.41161     0.19000    -3.12566   -14.46360   -13.52937   -16.82973    -0.00000000    -0.00000093
     0.40000     4.00000     1.45950     0.21000    -1.20768   -14.13515   -13.15562   -17.23363     0.00000000     0.00000016
     0.40000     4.00000     1.50443     0.23000     1.17177   -13.45435   -12.45003   -17.39228     0.00000000    -0.00000005
     0.50000     2.00000     1.30465     0.15000    -8.14114   -15.59715   -14.41693   -15.69264     0.00000000     0.00000012
     0.50000     2.00000     1.36023     0.17000    -7.95140   -16.01052   -14.87209   -16.38910     0.00000000     0.00000078
     0.50000     2.00000     1.41161     0.19000    -7.36295   -16.12287   -15.02028   -16.81016     0.00000000     0.00000074
     0.50000     2.00000     1.45950     0.21000    -6.38337   -15.92553   -14.85132   -16.93317     0.00000000     0.00000022
     0.50000     2.00000     1.50443     0.23000    -5.02363   -15.40989   -14.36260   -16.74809    -0.00000000     0.00000071
     0.50000     2.25000     1.30465     0.15000    -7.87353   -15.40851   -14.26490   -15.59551     0.00000000     0.00000012
     0.50000     2.25000     1.36023     0.17000    -7.60504   -15.80144   -14.70301   -16.30671    -0.00000000     0.00000052
     0.50000     2.25000     1.41161     0.19000    -6.92842   -15.89156   -14.83004   -16.74192     0.00000000     0.00000082
     0.50000     2.25000     1.45950     0.21000    -5.85169   -15.66889   -14.63643   -16.87928    -0.00000000    -0.00000000
     0.50000     2.25000     1.50443     0.23000    -4.38626   -15.12371   -14.12051   -16.71018     0.00000000     0.00000070
     0.50000     2.50000     1.30465     0.15000    -7.60593   -15.23501   -14.12686   -15.51886    -0.00000000     0.00000038
     0.50000     2.50000     1.36023     0.17000    -7.25867   -15.61144   -14.55026   -16.24912     0.00000000     0.00000056
     0.50000     2.50000     1.41161     0.19000    -6.49388   -15.68348   -14.65869   -16.70358    -0.00000000     0.00000065
     0.50000     2.50000     1.45950     0.21000    -5.32000   -15.43979   -14.44330   -16.86138     0.00000000     0.00000039
     0.50000     2.50000     1.50443     0.23000    -3.74890   -14.86949   -13.90354   -16.71563    -0.00000000    -0.00000048
     0.50000     2.75000     1.30465     0.15000    -7.33833   -15.07658   -14.00204   -15.46180     0.00000000     0.00000022
     0.50000     2.75000     1.36023     0.17000    -6.91231   -15.44047   -14.41290   -16.21532    -0.00000000     0.00000065
     0.50000     2.75000     1.41161     0.19000    -6.05935   -15.49860   -14.50506   -16.69405    -0.00000000     0.00000086
     0.50000     2.75000     1.45950     0.21000    -4.78831   -15.23818   -14.27060   -16.87836     0.00000000     0.00000072
     0.50000     2.75000     1.50443     0.23000    -3.11153   -14.64722   -13.71016   -16.76342     0.00000000     0.00000009
     0.50000     3.00000     1.30465     0.15000    -7.07073   -14.93319   -13.88972   -15.42349    -0.00000000     0.00000026
     0.50000     3.00000     1.36023     0.17000    -6.56594   -15.28849   -14.29001   -16.20442     0.00000000     0.00000081
     0.50000     3.00000     1.41161     0.19000    -5.62481   -15.33683   -14.36810   -16.71239     0.00000000     0.00000008
     0.50000     3.00000     1.45950     0.21000    -4.25662   -15.06402   -14.11707   -16.92931     0.00000000    -0.00000032
     0.50000     3.00000     1.50443     0.23000    -2.47416   -14.45685   -13.53897   -16.85273    -0.00000000    -0.00000011
     0.50000     3.25000     1.30465     0.15000    -6.80313   -14.80480   -13.78922   -15.40321     0.00000000     0.00000029
     0.50000     3.25000     1.36023     0.17000    -6.21958   -15.15542   -14.18075   -16.21561     0.00000000     0.00000078
     0.50000     3.25000     1.41161     0.19000    -5.19028   -15.19814   -14.24679   -16.75779    -0.00000000     0.00000038
     0.50000     3.25000     1.45950     0.21000    -3.72493   -14.91725   -13.98158   -17.01345     0.00000000    -0.00000002
     0.50000     3.25000     1.50443     0.23000    -1.83680   -14.29835   -13.38867   -16.98292    -0.00000000    -0.00000000
     0.50000     3.50000     1.30465     0.15000    -6.53553   -14.69135   -13.69988   -15.40030    -0.00000000     0.00000031
     0.50000     3.50000     1.36023     0.17000    -5.87322   -15.04123   -14.08434   -16.24820    -0.00000000     0.00000094
     0.50000     3.50000     1.41161     0.19000    -4.75575   -15.08246   -14.14022   -16.82955    -0.00000000     0.00000056
     0.50000     3.50000     1.45950     0.21000    -3.19324   -14.79782   -13.86307   -17.13015    -0.00000000    -0.00000083
     0.50000     3.50000     1.50443     0.23000    -1.19943   -14.17170   -13.25808   -17.15351    -0.00000000    -0.00000068
     0.50000     3.75000     1.30465     0.15000    -6.26792   -14.59280   -13.62112   -15.41417     0.00000000     0.00000034
     0.50000     3.75000     1.36023     0.17000    -5.52685   -14.94586   -14.00005   -16.30157    -0.00000000     0.00000083
     0.50000     3.75000     1.41161     0.19000    -4.32121   -14.98973   -14.04754   -16.92707     0.00000000    -0.00000082
     0.50000     3.75000     1.45950     0.21000    -2.66155   -14.70568   -13.76057   -17.27889     0.00000000    -0.00000013
     0.50000     3.75000     1.50443     0.23000    -0.56207   -14.07686   -13.14612   -17.36416    -0.00000000    -0.00000002
     0.50000     4.00000     1.30465     0.15000    -6.00032   -14.50911   -13.55235   -15.44429     0.00000000     0.00000043
     0.50000     4.00000     1.36023     0.17000    -5.18049   -14.86924   -13.92719   -16.37518    -0.00000000    -0.00000058
     0.50000     4.00000     1.41161     0.19000    -3.88668   -14.91990   -13.96795   -17.04983     0.00000000     0.00000023
     0.50000     4.00000     1.45950     0.21000    -2.12986   -14.64078   -13.67318   -17.45923    -0.00000000     0.00000069
     0.50000     4.00000     1.50443     0.23000     0.07530   -14.01379   -13.05176   -17.61463    -0.00000000    -0.00000008
     0.60000     2.00000     1.30465     0.15000    -8.62210   -16.15248   -14.86940   -16.11429    -0.00000000     0.00000015
     0.60000     2.00000     1.36023     0.17000    -8.56513   -16.65674   -15.40156   -16.85496     0.00000000     0.00000032
     0.60000     2.00000     1.41161     0.19000    -8.12397   -16.86539   -15.63805   -17.32916    -0.00000000    -0.00000010
     0.60000     2.00000     1.45950     0.21000    -7.30555   -16.77057   -15.56772   -17.51282    -0.00000000    -0.00000099
     0.60000     2.00000     1.50443     0.23000    -6.12009   -16.36426   -15.18640   -17.39375     0.00000000     0.00000062
     0.60000     2.25000     1.30465     0.15000    -8.35450   -15.94420   -14.69785   -15.98904    -0.00000000     0.00000014
     0.60000     2.25000     1.36023     0.17000    -8.21876   -16.42301   -15.21017   -16.73984    -0.00000000     0.00000068
     0.60000     2.25000     1.41161     0.19000    -7.68944   -16.60419   -15.42268   -17.22296     0.00000000     0.00000094
     0.60000     2.25000     1.45950     0.21000    -6.77386   -16.47864   -15.32467   -17.41488    -0.00000000     0.00000038
     0.60000     2.25000     1.50443     0.23000    -5.48273   -16.03723   -14.91276   -17.30454     0.00000000     0.00000006
     0.60000     2.50000     1.30465     0.15000    -8.08690   -15.75107   -14.54144   -15.88582     0.00000000     0.00000013
     0.60000     2.50000     1.36023     0.17000    -7.87240   -16.20837   -15.03658   -16.65128     0.00000000     0.00000061
     0.60000     2.50000     1.41161     0.19000    -7.25490   -16.36622   -15.22795   -17.14856     0.00000000     0.00000095
     0.60000     2.50000     1.45950     0.21000    -6.24217   -16.21419   -15.10541   -17.35492     0.00000000     0.00000037
     0.60000     2.50000     1.50443     0.23000    -4.84536   -15.74205   -14.66651   -17.26068     0.00000000     0.00000097
     0.60000     2.75000     1.30465     0.15000    -7.81930   -15.57304   -14.39935   -15.80358     0.00000000    -0.00000014
     0.60000     2.75000     1.36023     0.17000    -7.52604   -16.01277   -14.87972   -16.58807    -0.00000000     0.00000063
     0.60000     2.75000     1.41161     0.19000    -6.82037   -16.15142   -15.05255   -17.10464    -0.00000000     0.00000067
     0.60000     2.75000     1.45950     0.21000    -5.71048   -15.97718   -14.90840   -17.33155    -0.00000000     0.00000071
     0.60000     2.75000     1.50443     0.23000    -4.20800   -15.47868   -14.44592   -17.26081     0.00000000     0.00000084
     0.60000     3.00000     1.30465     0.15000    -7.55169   -15.41006   -14.27078   -15.74137    -0.00000000     0.00000025
     0.60000     3.00000     1.36023     0.17000    -7.17967   -15.83616   -14.73860   -16.54912     0.00000000     0.00000071
     0.60000     3.00000     1.41161     0.19000    -6.38584   -15.95973   -14.89529   -17.09004     0.00000000     0.00000057
     0.60000     3.00000     1.45950     0.21000    -5.17879   -15.76756   -14.73227   -17.34359    -0.00000000     0.00000062
     0.60000     3.00000     1.50443     0.23000    -3.57063   -15.24710   -14.24941   -17.30380    -0.00000000     0.00000061
     0.60000     3.25000     1.30465     0.15000    -7.28409   -15.26208   -14.15500   -15.69831     0.00000000     0.00000027
     0.60000     3.25000     1.36023     0.17000    -6.83331   -15.67847   -14.61229   -16.53349    -0.00000000     0.00000084
     0.60000     3.25000     1.41161     0.19000    -5.95130   -15.79109   -14.75506   -17.10376     0.00000000     0.00000017
     0.60000     3.25000     1.45950     0.21000    -4.64710   -15.58527   -14.57573   -17.39004    -0.00000000     0.00000031
     0.60000     3.25000     1.50443     0.23000    -2.93326   -15.04728   -14.07552   -17.38876     0.00000000     0.00000084
     0.60000     3.50000     1.30465     0.15000    -7.01649   -15.12907   -14.05130   -15.67363     0.00000000     0.00000031
     0.60000     3.50000     1.36023     0.17000    -6.48694   -15.53966   -14.49992   -16.54032    -0.00000000     0.00000073
     0.60000     3.50000     1.41161     0.19000    -5.51677   -15.64544   -14.63083   -17.14489    -0.00000000    -0.00000002
     0.60000     3.50000     1.45950     0.21000    -4.11541   -15.43026   -14.43760   -17.47008    -0.00000000     0.00000013
     0.60000     3.50000     1.50443     0.23000    -2.29590   -14.87917   -13.92292   -17.51496    -0.00000000    -0.00000015
     0.60000     3.75000     1.30465     0.15000    -6.74889   -15.01097   -13.95902   -15.66664     0.00000000     0.00000033
     0.60000     3.75000     1.36023     0.17000    -6.14058   -15.41967   -14.40068   -16.56888    -0.00000000     0.00000080
     0.60000     3.75000     1.41161     0.19000    -5.08224   -15.52273   -14.52165   -17.21272    -0.00000000     0.00000059
     0.60000     3.75000     1.45950     0.21000    -3.58372   -15.30248   -14.31678   -17.58298    -0.00000000    -0.00000001
     0.60000     3.75000     1.50443     0.23000    -1.65853   -14.74275   -13.79037   -17.68185    -0.00000000    -0.00000010
     0.60000     4.00000     1.30465     0.15000    -6.48129   -14.90775   -13.87753   -15.67670    -0.00000000     0.00000036
     0.60000     4.00000     1.36023     0.17000    -5.79422   -15.31845   -14.31381   -16.61850     0.00000000     0.00000079
     0.60000     4.00000     1.41161     0.19000    -4.64770   -15.42290   -14.42663   -17.30659    -0.00000000     0.00000093
     0.60000     4.00000     1.45950     0.21000    -3.05203   -15.20189   -14.21226   -17.72819    -0.00000000     0.00000032
     0.60000     4.00000     1.50443     0.23000    -1.02116   -14.63799   -13.67676   -17.88902    -0.00000000     0.00000069
     0.70000     2.00000     1.30465     0.15000    -9.10306   -16.73798   -15.35241   -16.57957    -0.00000000    -0.00000011
     0.70000     2.00000     1.36023     0.17000    -9.17885   -17.34053   -15.96558   -17.37016    -0.00000000     0.00000042
     0.70000     2.00000     1.41161     0.19000    -8.88499   -17.65312   -16.29418   -17.90362    -0.00000000     0.00000099
     0.70000     2.00000     1.45950     0.21000    -8.22772   -17.66865   -16.32627   -18.15470    -0.00000000     0.00000092
     0.70000     2.00000     1.50443     0.23000    -7.21656   -17.37958   -16.05632   -18.10933     0.00000000     0.00000093
     0.70000     2.25000     1.30465     0.15000    -8.83546   -16.51010   -15.15960   -16.42356    -0.00000000    -0.00000001
     0.70000     2.25000     1.36023     0.17000    -8.83249   -17.08223   -15.74969   -17.21929    -0.00000000     0.00000039
     0.70000     2.25000     1.41161     0.19000    -8.45046   -17.36218   -16.05104   -17.75613    -0.00000000    -0.00000055
     0.70000     2.25000     1.45950     0.21000    -7.69604   -17.34164   -16.05200   -18.00914    -0.00000000    -0.00000008
     0.70000     2.25000     1.50443     0.23000    -6.57919   -17.01206   -15.74765   -17.96512     0.00000000     0.00000088
     0.70000     2.50000     1.30465     0.15000    -8.56786   -16.29738   -14.98317   -16.29138    -0.00000000     0.00000017
     0.70000     2.50000     1.36023     0.17000    -8.48613   -16.84302   -15.55318   -17.09707    -0.00000000    -0.00000033
     0.70000     2.50000     1.41161     0.19000    -8.01593   -17.09445   -15.83047   -17.64277     0.00000000     0.00000070
     0.70000     2.50000     1.45950     0.21000    -7.16435   -17.04208   -15.80377   -17.90406     0.00000000    -0.00000022
     0.70000     2.50000     1.50443     0.23000    -5.94183   -16.67626   -15.46895   -17.86884     0.00000000    -0.00000014
     0.70000     2.75000     1.30465     0.15000    -8.30026   -16.09977   -14.82224   -16.18181    -0.00000000     0.00000015
     0.70000     2.75000     1.36023     0.17000    -8.13976   -16.62286   -15.37490   -17.00206    -0.00000000     0.00000076
     0.70000     2.75000     1.41161     0.19000    -7.58139   -16.84987   -15.63102   -17.56192    -0.00000000     0.00000064
     0.70000     2.75000     1.45950     0.21000    -6.63266   -16.76989   -15.57988   -17.83771     0.00000000     0.00000078
     0.70000     2.75000     1.50443     0.23000    -5.30446   -16.37217   -15.21826   -17.81870    -0.00000000     0.00000097
     0.70000     3.00000     1.30465     0.15000    -8.03266   -15.91722   -14.67595   -16.09374    -0.00000000     0.00000004
     0.70000     3.00000     1.36023     0.17000    -7.79340   -16.42168   -15.21375   -16.93296     0.00000000     0.00000071
     0.70000     3.00000     1.41161     0.19000    -7.14686   -16.62838   -15.45137   -17.51215     0.00000000     0.00000074
     0.70000     3.00000     1.45950     0.21000    -6.10097   -16.52503   -15.37877   -17.80860    -0.00000000     0.00000047
     0.70000     3.00000     1.50443     0.23000    -4.66709   -16.09974   -14.99380   -17.81321    -0.00000000     0.00000082
     0.70000     3.25000     1.30465     0.15000    -7.76506   -15.74970   -14.54349   -16.02616     0.00000000     0.00000030
     0.70000     3.25000     1.36023     0.17000    -7.44704   -16.23944   -15.06870   -16.88864     0.00000000     0.00000077
     0.70000     3.25000     1.41161     0.19000    -6.71233   -16.42992   -15.29028   -17.49224    -0.00000000     0.00000058
     0.70000     3.25000     1.45950     0.21000    -5.56928   -16.30745   -15.19900   -17.81545     0.00000000     0.00000053
     0.70000     3.25000     1.50443     0.23000    -4.02973   -15.85895   -14.79391   -17.85114    -0.00000000     0.00000090
     0.70000     3.50000     1.30465     0.15000    -7.49745   -15.59716   -14.42412   -15.97814     0.00000000     0.00000029
     0.70000     3.50000     1.36023     0.17000    -7.10067   -16.07609   -14.93881   -16.86808     0.00000000     0.00000089
     0.70000     3.50000     1.41161     0.19000    -6.27779   -16.25444   -15.14660   -17.50110     0.00000000     0.00000050
     0.70000     3.50000     1.45950     0.21000    -5.03759   -16.11709   -15.03924   -17.85719    -0.00000000     0.00000052
     0.70000     3.50000     1.50443     0.23000    -3.39236   -15.64975   -14.61709   -17.93150     0.00000000     0.00000001
     0.70000     3.75000     1.30465     0.15000    -7.22985   -15.45954   -14.31709   -15.94889     0.00000000     0.00000032
     0.70000     3.75000     1.36023     0.17000    -6.75431   -15.93156   -14.82318   -16.87037    -0.00000000     0.00000073
     0.70000     3.75000     1.41161     0.19000    -5.84326   -16.10189   -15.01928   -17.53780    -0.00000000     0.00000049
     0.70000     3.75000     1.45950     0.21000    -4.50590   -15.95391   -14.89827   -17.93290     0.00000000     0.00000056
     0.70000     3.75000     1.50443     0.23000    -2.75500   -15.47212   -14.46196   -18.05349     0.00000000    -0.00000076
     0.70000     4.00000     1.30465     0.15000    -6.96225   -15.33682   -14.22174   -15.93765     0.00000000     0.00000035
     0.70000     4.00000     1.36023     0.17000    -6.40794   -15.80580   -14.72096   -16.89473    -0.00000000     0.00000073
     0.70000     4.00000     1.41161     0.19000    -5.40873   -15.97219   -14.90732   -17.60153    -0.00000000    -0.00000096
     0.70000     4.00000     1.45950     0.21000    -3.97421   -15.81785   -14.77495   -18.04184    -0.00000000     0.00000011
     0.70000     4.00000     1.50443     0.23000    -2.11763   -15.32603   -14.32725   -18.21647     0.00000000    -0.00000081
     0.80000     2.00000     1.30465     0.15000    -9.58403   -17.35352   -15.86852   -17.09290    -0.00000000    -0.00000068
     0.80000     2.00000     1.36023     0.17000    -9.79258   -18.06165   -16.56743   -17.93975     0.00000000    -0.00000061
     0.80000     2.00000     1.41161     0.19000    -9.64602   -18.48569   -16.99263   -18.53915     0.00000000     0.00000091
     0.80000     2.00000     1.45950     0.21000    -9.14990   -18.61916   -17.13157   -18.86485     0.00000000     0.00000091
     0.80000     2.00000     1.50443     0.23000    -8.31302   -18.45499   -16.97756   -18.90118     0.00000000     0.00000086
     0.80000     2.25000     1.30465     0.15000    -9.31643   -17.10606   -15.65260   -16.90306    -0.00000000     0.00000048
     0.80000     2.25000     1.36023     0.17000    -9.44622   -17.77884   -16.32464   -17.74956     0.00000000     0.00000049
     0.80000     2.25000     1.41161     0.19000    -9.21148   -18.16513   -16.71878   -18.34635    -0.00000000     0.00000094
     0.80000     2.25000     1.45950     0.21000    -8.61821   -18.25732   -16.82262   -18.66728    -0.00000000     0.00000090
     0.80000     2.25000     1.50443     0.23000    -7.67566   -18.04733   -16.62992   -18.69731    -0.00000000    -0.00000001
     0.80000     2.50000     1.30465     0.15000    -9.04882   -16.87378   -15.45439   -16.73915    -0.00000000     0.00000095
     0.80000     2.50000     1.36023     0.17000    -9.09985   -17.51513   -16.10296   -17.59051    -0.00000000     0.00000048
     0.80000     2.50000     1.41161     0.19000    -8.77695   -17.86777   -16.46965   -18.19050     0.00000000     0.00000011
     0.80000     2.50000     1.45950     0.21000    -8.08652   -17.92285   -16.54226   -18.51330     0.00000000    -0.00000053
     0.80000     2.50000     1.50443     0.23000    -7.03829   -17.67128   -16.31518   -18.54467    -0.00000000     0.00000098
     0.80000     2.75000     1.30465     0.15000    -8.78122   -16.65662   -15.27293   -16.59975     0.00000000     0.00000019
     0.80000     2.75000     1.36023     0.17000    -8.75349   -17.27048   -15.90113   -17.46087     0.00000000     0.00000017
     0.80000     2.75000     1.41161     0.19000    -8.34242   -17.59354   -16.24363   -18.06963     0.00000000     0.00000093
     0.80000     2.75000     1.45950     0.21000    -7.55483   -17.61571   -16.28858   -18.40071    -0.00000000     0.00000013
     0.80000     2.75000     1.50443     0.23000    -6.40093   -17.32682   -16.03112   -18.44094    -0.00000000     0.00000076
     0.80000     3.00000     1.30465     0.15000    -8.51362   -16.45455   -15.10731   -16.48356    -0.00000000     0.00000017
     0.80000     3.00000     1.36023     0.17000    -8.40713   -17.04482   -15.71797   -17.35911     0.00000000     0.00000099
     0.80000     3.00000     1.41161     0.19000    -7.90788   -17.34239   -16.03925   -17.98202     0.00000000     0.00000080
     0.80000     3.00000     1.45950     0.21000    -7.02314   -17.33585   -16.05983   -18.32765     0.00000000     0.00000078
     0.80000     3.00000     1.50443     0.23000    -5.76356   -17.01390   -15.77572   -18.38419    -0.00000000     0.00000019
     0.80000     3.25000     1.30465     0.15000    -8.24602   -16.26751   -14.95667   -16.38940     0.00000000     0.00000009
     0.80000     3.25000     1.36023     0.17000    -8.06076   -16.83810   -15.55235   -17.28387    -0.00000000     0.00000082
     0.80000     3.25000     1.41161     0.19000    -7.47335   -17.11425   -15.85514   -17.92613     0.00000000     0.00000084
     0.80000     3.25000     1.45950     0.21000    -6.49145   -17.08320   -15.85439   -18.29251    -0.00000000    -0.00000046
     0.80000     3.25000     1.50443     0.23000    -5.12619   -16.73250   -15.54712   -18.37277     0.00000000     0.00000060
     0.80000     3.50000     1.30465     0.15000    -7.97842   -16.09547   -14.82019   -16.31622     0.00000000     0.00000041
     0.80000     3.50000     1.36023     0.17000    -7.71440   -16.65026   -15.40322   -17.23393    -0.00000000     0.00000084
     0.80000     3.50000     1.41161     0.19000    -7.03882   -16.90908   -15.69002   -17.90065     0.00000000     0.00000060
     0.80000     3.50000     1.45950     0.21000    -5.95976   -16.85772   -15.67076   -18.29391     0.00000000     0.00000018
     0.80000     3.50000     1.50443     0.23000    -4.48883   -16.48257   -15.34361   -18.40537    -0.00000000     0.00000015
     0.80000     3.75000     1.30465     0.15000    -7.71082   -15.93837   -14.69708   -16.26305    -0.00000000     0.00000031
     0.80000     3.75000     1.36023     0.17000    -7.36804   -16.48126   -15.26959   -17.20821    -0.00000000     0.00000095
     0.80000     3.75000     1.41161     0.19000    -6.60428   -16.72680   -15.54272   -17.90444    -0.00000000     0.00000050
     0.80000     3.75000     1.45950     0.21000    -5.42807   -16.65936   -15.50757   -18.33070    -0.00000000     0.00000087
     0.80000     3.75000     1.50443     0.23000    -3.85146   -16.26410   -15.16363   -18.48089     0.00000000     0.00000095
     0.80000     4.00000     1.30465     0.15000    -7.44322   -15.79618   -14.58660   -16.22902     0.00000000     0.00000033
     0.80000     4.00000     1.36023     0.17000    -7.02167   -16.33104   -15.15053   -17.20577    -0.00000000     0.00000076
     0.80000     4.00000     1.41161     0.19000    -6.16975   -16.56738   -15.41212   -17.93650    -0.00000000    -0.00000041
     0.80000     4.00000     1.45950     0.21000    -4.89638   -16.48807   -15.36356   -18.40189    -0.00000000     0.00000086
     0.80000     4.00000     1.50443     0.23000    -3.21409   -16.07704   -15.00576   -18.59843    -0.00000000     0.00000002
     0.90000     2.00000     1.30465     0.15000   -10.06499   -17.99895   -16.42039   -17.65932    -0.00000000     0.00000026
     0.90000     2.00000     1.36023     0.17000   -10.40631   -18.81984   -17.21063   -18.56966    -0.00000000     0.00000061
     0.90000     2.00000     1.41161     0.19000   -10.40704   -19.36269   -17.73773   -19.24246     0.00000000     0.00000092
     0.90000     2.00000     1.45950     0.21000   -10.07207   -19.62154   -17.98876   -19.65067    -0.00000000     0.00000091
     0.90000     2.00000     1.50443     0.23000    -9.40949   -19.58967   -17.95602   -19.77725     0.00000000     0.00000053
     0.90000     2.25000     1.30465     0.15000    -9.79739   -17.73194   -16.17943   -17.43217     0.00000000     0.00000029
     0.90000     2.25000     1.36023     0.17000   -10.05995   -18.51260   -16.93834   -18.33597     0.00000000     0.00000047
     0.90000     2.25000     1.41161     0.19000    -9.97251   -19.01266   -17.42995   -18.99951    -0.00000000     0.00000082
     0.90000     2.25000     1.45950     0.21000    -9.54039   -19.22508   -17.64127   -19.39569    -0.00000000     0.00000089
     0.90000     2.25000     1.50443     0.23000    -8.77212   -19.14222   -17.56492   -19.50786    -0.00000000     0.00000092
     0.90000     2.50000     1.30465     0.15000    -9.52979   -17.48013   -15.95755   -17.23333    -0.00000000    -0.00000038
     0.90000     2.50000     1.36023     0.17000    -9.71358   -18.22447   -16.68904   -18.13632     0.00000000     0.00000056
     0.90000     2.50000     1.41161     0.19000    -9.53797   -18.68580   -17.14924   -18.79693     0.00000000     0.00000087
     0.90000     2.50000     1.45950     0.21000    -9.00870   -18.85594   -17.32522   -19.18815    -0.00000000     0.00000086
     0.90000     2.50000     1.50443     0.23000    -8.13476   -18.72627   -17.21008   -19.29392    -0.00000000     0.00000001
     0.90000     2.75000     1.30465     0.15000    -9.26219   -17.24346   -15.75377   -17.06119     0.00000000    -0.00000092
     0.90000     2.75000     1.36023     0.17000    -9.36722   -17.95539   -16.46137   -17.96870    -0.00000000     0.00000058
     0.90000     2.75000     1.41161     0.19000    -9.10344   -18.38205   -16.89385   -18.63233    -0.00000000     0.00000084
     0.90000     2.75000     1.45950     0.21000    -8.47701   -18.51407   -17.03850   -19.02532     0.00000000     0.00000058
     0.90000     2.75000     1.50443     0.23000    -7.49739   -18.34178   -16.88895   -19.13241    -0.00000000    -0.00000002
     0.90000     3.00000     1.30465     0.15000    -8.99459   -17.02189   -15.56711   -16.91424     0.00000000     0.00000052
     0.90000     3.00000     1.36023     0.17000    -9.02085   -17.70531   -16.25404   -17.83130     0.00000000     0.00000037
     0.90000     3.00000     1.41161     0.19000    -8.66890   -18.10137   -16.66216   -18.50359     0.00000000     0.00000077
     0.90000     3.00000     1.45950     0.21000    -7.94532   -18.19942   -16.77911   -18.90485    -0.00000000     0.00000030
     0.90000     3.00000     1.50443     0.23000    -6.86002   -17.98872   -16.59925   -19.02085     0.00000000     0.00000089
     0.90000     3.25000     1.30465     0.15000    -8.72698   -16.81537   -15.39667   -16.79114     0.00000000     0.00000020
     0.90000     3.25000     1.36023     0.17000    -8.67449   -17.47418   -16.06581   -17.72248    -0.00000000     0.00000098
     0.90000     3.25000     1.41161     0.19000    -8.23437   -17.84368   -16.45263   -18.40888    -0.00000000     0.00000061
     0.90000     3.25000     1.45950     0.21000    -7.41363   -17.91193   -16.54524   -18.82475    -0.00000000    -0.00000000
     0.90000     3.25000     1.50443     0.23000    -6.22266   -17.66706   -16.33886   -18.95711    -0.00000000     0.00000061
     0.90000     3.50000     1.30465     0.15000    -8.45938   -16.62385   -15.24154   -16.69064     0.00000000     0.00000013
     0.90000     3.50000     1.36023     0.17000    -8.32813   -17.26194   -15.89554   -17.64082    -0.00000000     0.00000097
     0.90000     3.50000     1.41161     0.19000    -7.79984   -17.60894   -16.26386   -18.34659     0.00000000     0.00000098
     0.90000     3.50000     1.45950     0.21000    -6.88194   -17.65156   -16.33522   -18.78327     0.00000000     0.00000002
     0.90000     3.50000     1.50443     0.23000    -5.58529   -17.37676   -16.10585   -18.93946     0.00000000     0.00000065
     0.90000     3.75000     1.30465     0.15000    -8.19178   -16.44730   -15.10089   -16.61162     0.00000000     0.00000083
     0.90000     3.75000     1.36023     0.17000    -7.98176   -17.06854   -15.74215   -17.58501     0.00000000     0.00000094
     0.90000     3.75000     1.41161     0.19000    -7.36530   -17.39709   -16.09452   -18.31530    -0.00000000     0.00000064
     0.90000     3.75000     1.45950     0.21000    -6.35025   -17.41824   -16.14751   -18.77896    -0.00000000    -0.00000016
     0.90000     3.75000     1.50443     0.23000    -4.94792   -17.11780   -15.89847   -18.96644    -0.00000000     0.00000091
     0.90000     4.00000     1.30465     0.15000    -7.92418   -16.28567   -14.97391   -16.55307    -0.00000000     0.00000036
     0.90000     4.00000     1.36023     0.17000    -7.63540   -16.89393   -15.60461   -17.55393    -0.00000000     0.00000070
     0.90000     4.00000     1.41161     0.19000    -6.93077   -17.20807   -15.94340   -18.31379     0.00000000     0.00000072
     0.90000     4.00000     1.45950     0.21000    -5.81856   -17.21194   -15.98069   -18.81056    -0.00000000     0.00000074
     0.90000     4.00000     1.50443     0.23000    -4.31056   -16.89013   -15.71510   -19.03686     0.00000000     0.00000032
     1.00000     2.00000     1.30465     0.15000   -10.54596   -18.67411   -17.01078   -18.28455    -0.00000000     0.00000098
     1.00000     2.00000     1.36023     0.17000   -11.02004   -19.61488   -17.89891   -19.26683     0.00000000     0.00000043
     1.00000     2.00000     1.41161     0.19000   -11.16806   -20.28376   -18.53422   -20.02158    -0.00000000     0.00000082
     1.00000     2.00000     1.45950     0.21000   -10.99425   -20.67522   -18.90355   -20.52118    -0.00000000     0.00000004
     1.00000     2.00000     1.50443     0.23000   -10.50595   -20.78280   -18.99837   -20.74743    -0.00000000    -0.00000039
     1.00000     2.25000     1.30465     0.15000   -10.27835   -18.38760   -16.74277   -18.01611     0.00000000     0.00000023
     1.00000     2.25000     1.36023     0.17000   -10.67367   -19.28327   -17.59437   -18.98472     0.00000000     0.00000056
     1.00000     2.25000     1.41161     0.19000   -10.73353   -19.90437   -18.18896   -19.72270    -0.00000000     0.00000080
     1.00000     2.25000     1.45950     0.21000   -10.46256   -20.24436   -18.51319   -20.20219    -0.00000000     0.00000043
     1.00000     2.25000     1.50443     0.23000    -9.86859   -20.29590   -18.55872   -20.40519    -0.00000000     0.00000015
     1.00000     2.50000     1.30465     0.15000   -10.01075   -18.11629   -16.49527   -17.77871    -0.00000000     0.00000016
     1.00000     2.50000     1.36023     0.17000   -10.32731   -18.97078   -17.31481   -18.74008     0.00000000    -0.00000100
     1.00000     2.50000     1.41161     0.19000   -10.29899   -19.54815   -17.87337   -19.46829    -0.00000000     0.00000096
     1.00000     2.50000     1.45950     0.21000    -9.93087   -19.84077   -18.15750   -19.93538     0.00000000     0.00000036
     1.00000     2.50000     1.50443     0.23000    -9.23122   -19.84039   -18.15915   -20.12372     0.00000000     0.00000027
     1.00000     2.75000     1.30465     0.15000    -9.74315   -17.86013   -16.26727   -17.57049     0.00000000    -0.00000091
     1.00000     2.75000     1.36023     0.17000    -9.98095   -18.67736   -17.05881   -18.53054     0.00000000     0.00000061
     1.00000     2.75000     1.41161     0.19000    -9.86446   -19.21502   -17.58554   -19.25547     0.00000000     0.00000078
     1.00000     2.75000     1.45950     0.21000    -9.39918   -19.46439   -17.83407   -19.71737    -0.00000000     0.00000004
     1.00000     2.75000     1.50443     0.23000    -8.59385   -19.41623   -17.79677   -19.89918    -0.00000000     0.00000003
     1.00000     3.00000     1.30465     0.15000    -9.47555   -17.61910   -16.05776   -17.38976     0.00000000    -0.00000040
     1.00000     3.00000     1.36023     0.17000    -9.63458   -18.40293   -16.82494   -18.35397    -0.00000000     0.00000069
     1.00000     3.00000     1.41161     0.19000    -9.42993   -18.90493   -17.32366   -19.08169    -0.00000000     0.00000094
     1.00000     3.00000     1.45950     0.21000    -8.86749   -19.11517   -17.54069   -19.54525     0.00000000     0.00000089
     1.00000     3.00000     1.50443     0.23000    -7.95649   -19.02338   -17.46894   -19.72835    -0.00000000     0.00000000
     1.00000     3.25000     1.30465     0.15000    -9.20795   -17.39313   -15.86575   -17.23495    -0.00000000     0.00000011
     1.00000     3.25000     1.36023     0.17000    -9.28822   -18.14746   -16.61190   -18.20844     0.00000000     0.00000056
     1.00000     3.25000     1.41161     0.19000    -8.99539   -18.61783   -17.08606   -18.94471     0.00000000     0.00000069
     1.00000     3.25000     1.45950     0.21000    -8.33580   -18.79306   -17.27532   -19.41651    -0.00000000     0.00000071
     1.00000     3.25000     1.50443     0.23000    -7.31912   -18.66181   -17.17329   -19.60853     0.00000000    -0.00000001
     1.00000     3.50000     1.30465     0.15000    -8.94035   -17.18218   -15.69032   -17.10464    -0.00000000     0.00000023
     1.00000     3.50000     1.36023     0.17000    -8.94186   -17.91089   -16.41842   -18.09225     0.00000000     0.00000049
     1.00000     3.50000     1.41161     0.19000    -8.56086   -18.35366   -16.87116   -18.84257    -0.00000000     0.00000080
     1.00000     3.50000     1.45950     0.21000    -7.80411   -18.49801   -17.03609   -19.32900    -0.00000000    -0.00000018
     1.00000     3.50000     1.50443     0.23000    -6.68176   -18.33149   -16.90763   -19.53746     0.00000000     0.00000078
     1.00000     3.75000     1.30465     0.15000    -8.67274   -16.98621   -15.53055   -16.99752    -0.00000000     0.00000017
     1.00000     3.75000     1.36023     0.17000    -8.59549   -17.69316   -16.24332   -18.00387    -0.00000000     0.00000082
     1.00000     3.75000     1.41161     0.19000    -8.12633   -18.11236   -16.67752   -18.77356    -0.00000000     0.00000070
     1.00000     3.75000     1.45950     0.21000    -7.27242   -18.22997   -16.82126   -19.28088    -0.00000000    -0.00000026
     1.00000     3.75000     1.50443     0.23000    -6.04439   -18.03238   -16.66996   -19.51324    -0.00000000     0.00000072
     1.00000     4.00000     1.30465     0.15000    -8.40514   -16.80517   -15.38559   -16.91242    -0.00000000    -0.00000061
     1.00000     4.00000     1.36023     0.17000    -8.24913   -17.49421   -16.08549   -17.94194     0.00000000     0.00000075
     1.00000     4.00000     1.41161     0.19000    -7.69179   -17.89387   -16.50376   -18.73619     0.00000000     0.00000073
     1.00000     4.00000     1.45950     0.21000    -6.74073   -17.98888   -16.62925   -19.27058     0.00000000    -0.00000002
     1.00000     4.00000     1.50443     0.23000    -5.40702   -17.76446   -16.45846   -19.53431    -0.00000000     0.00000087
