PP1S0        1   0.10000000000000000E+01  -0.99000000000000000E+02   0.32490930982854763E+02   0.32651000000000003E+02   0.30000000000000001E-02   0.00000000000000000E+00   0.00000000000000000E+00  -0.53356339048413304E+02
PP1S0        1   0.50000000000000000E+01  -0.99000000000000000E+02   0.54233331512185217E+02   0.54841000000000001E+02   0.60000000000000001E-02   0.00000000000000000E+00   0.00000000000000000E+00  -0.10127808130246407E+03
PP1S0        1   0.10000000000000000E+02  -0.99000000000000000E+02   0.54387868442169854E+02   0.55256000000000000E+02   0.10000000000000000E-01   0.00000000000000000E+00   0.00000000000000000E+00  -0.86813155783014651E+02
PP1S0        1   0.25000000000000000E+02  -0.99000000000000000E+02   0.47454009074062078E+02   0.48789000000000001E+02   0.12999999999999999E-01   0.00000000000000000E+00   0.00000000000000000E+00  -0.10269160968753255E+03
PP1S0        1   0.50000000000000000E+02  -0.99000000000000000E+02   0.37464481299276173E+02   0.39185000000000002E+02   0.17000000000000001E-01   0.00000000000000000E+00   0.00000000000000000E+00  -0.10120698239551938E+03
PP1S0        1   0.10000000000000000E+03  -0.99000000000000000E+02   0.24080567845600360E+02   0.25443999999999999E+02   0.33000000000000002E-01   0.00000000000000000E+00   0.00000000000000000E+00  -0.41316125890898157E+02
PP1S0        1   0.15000000000000000E+03  -0.99000000000000000E+02   0.16114645137950291E+02   0.15254000000000000E+02   0.45999999999999999E-01   0.00000000000000000E+00   0.00000000000000000E+00   0.18709676911962848E+02
PP1S0        1   0.20000000000000000E+03  -0.99000000000000000E+02   0.12278237777588634E+02   0.70410000000000004E+01   0.57000000000000002E-01   0.00000000000000000E+00   0.00000000000000000E+00   0.91881364519098838E+02
PP1S0        1   0.25000000000000000E+03  -0.99000000000000000E+02   0.11531653413235780E+02   0.31800000000000000E+00   0.73999999999999996E-01   0.00000000000000000E+00   0.00000000000000000E+00   0.15153585693561865E+03
PP1S0        1   0.30000000000000000E+03  -0.99000000000000000E+02   0.11931865031942168E+02  -0.50979999999999999E+01   0.10000000000000001E+00   0.00000000000000000E+00   0.00000000000000000E+00   0.17029865031942168E+03
PP1S0        1   0.35000000000000000E+03  -0.99000000000000000E+02   0.11475723112551469E+02  -0.93420000000000005E+01   0.13400000000000001E+00   0.00000000000000000E+00   0.00000000000000000E+00   0.15535614263098111E+03
PP1D2        2   0.10000000000000000E+01  -0.99000000000000000E+02   0.97690578988252844E-03   0.10000000000000000E-02   0.50000000000000001E-03   0.00000000000000000E+00   0.00000000000000000E+00  -0.46188420234943156E-01
PP1D2        2   0.50000000000000000E+01  -0.99000000000000000E+02   0.44857966685056011E-01   0.42000000000000003E-01   0.50000000000000001E-03   0.00000000000000000E+00   0.00000000000000000E+00   0.57159333701120163E+01
PP1D2        2   0.10000000000000000E+02  -0.99000000000000000E+02   0.17223096237667709E+00   0.16400000000000001E+00   0.50000000000000001E-03   0.00000000000000000E+00   0.00000000000000000E+00   0.16461924753354172E+02
PP1D2        2   0.25000000000000000E+02  -0.99000000000000000E+02   0.74659928393221864E+00   0.69399999999999995E+00   0.10000000000000000E-02   0.00000000000000000E+00   0.00000000000000000E+00   0.52599283932218690E+02
PP1D2        2   0.50000000000000000E+02  -0.99000000000000000E+02   0.19333673153741331E+01   0.17090000000000001E+01   0.40000000000000001E-02   0.00000000000000000E+00   0.00000000000000000E+00   0.56091828843533250E+02
PP1D2        2   0.10000000000000000E+03  -0.99000000000000000E+02   0.47026287228491084E+01   0.37810000000000001E+01   0.80000000000000002E-02   0.00000000000000000E+00   0.00000000000000000E+00   0.11520359035613853E+03
PP1D2        2   0.15000000000000000E+03  -0.99000000000000000E+02   0.72930230507421161E+01   0.56180000000000003E+01   0.14000000000000000E-01   0.00000000000000000E+00   0.00000000000000000E+00   0.11964450362443684E+03
PP1D2        2   0.20000000000000000E+03  -0.99000000000000000E+02   0.88813315462344917E+01   0.71920000000000002E+01   0.21000000000000001E-01   0.00000000000000000E+00   0.00000000000000000E+00   0.80444359344499588E+02
PP1D2        2   0.25000000000000000E+03  -0.99000000000000000E+02   0.90771885916486816E+01   0.85380000000000003E+01   0.24000000000000000E-01   0.00000000000000000E+00   0.00000000000000000E+00   0.22466191318695056E+02
PP1D2        2   0.30000000000000000E+03  -0.99000000000000000E+02   0.80152756062923380E+01   0.95770000000000000E+01   0.31000000000000000E-01   0.00000000000000000E+00   0.00000000000000000E+00  -0.50378206248634257E+02
PP1D2        2   0.35000000000000000E+03  -0.99000000000000000E+02   0.61733785325222916E+01   0.10183000000000000E+02   0.51999999999999998E-01   0.00000000000000000E+00   0.00000000000000000E+00  -0.77108105143802078E+02
PP1G4        3   0.10000000000000000E+01  -0.99000000000000000E+02   0.41990364925777960E-06   0.00000000000000000E+00   0.50000000000000001E-03   0.00000000000000000E+00   0.00000000000000000E+00   0.83980729851555920E-03
PP1G4        3   0.50000000000000000E+01  -0.99000000000000000E+02   0.33299005914369517E-03   0.00000000000000000E+00   0.50000000000000001E-03   0.00000000000000000E+00   0.00000000000000000E+00   0.66598011828739034E+00
PP1G4        3   0.10000000000000000E+02  -0.99000000000000000E+02   0.35048025775993937E-02   0.30000000000000001E-02   0.50000000000000001E-03   0.00000000000000000E+00   0.00000000000000000E+00   0.10096051551987872E+01
PP1G4        3   0.25000000000000000E+02  -0.99000000000000000E+02   0.40372163659945601E-01   0.40000000000000001E-01   0.50000000000000001E-03   0.00000000000000000E+00   0.00000000000000000E+00   0.74432731989119982E+00
PP1G4        3   0.50000000000000000E+02  -0.99000000000000000E+02   0.15498198092904367E+00   0.15200000000000000E+00   0.50000000000000001E-03   0.00000000000000000E+00   0.00000000000000000E+00   0.59639618580873410E+01
PP1G4        3   0.10000000000000000E+03  -0.99000000000000000E+02   0.42098886564744042E+00   0.41799999999999998E+00   0.20000000000000000E-02   0.00000000000000000E+00   0.00000000000000000E+00   0.14944328237202209E+01
PP1G4        3   0.15000000000000000E+03  -0.99000000000000000E+02   0.66593924664328974E+00   0.70299999999999996E+00   0.60000000000000001E-02   0.00000000000000000E+00   0.00000000000000000E+00  -0.61767922261183701E+01
PP1G4        3   0.20000000000000000E+03  -0.99000000000000000E+02   0.85104223670513046E+00   0.10060000000000000E+01   0.12000000000000000E-01   0.00000000000000000E+00   0.00000000000000000E+00  -0.12913146941239129E+02
PP1G4        3   0.25000000000000000E+03  -0.99000000000000000E+02   0.93416622492150192E+00   0.13069999999999999E+01   0.17000000000000001E-01   0.00000000000000000E+00   0.00000000000000000E+00  -0.21931398534029295E+02
PP1G4        3   0.30000000000000000E+03  -0.99000000000000000E+02   0.89029172348940666E+00   0.15860000000000001E+01   0.19000000000000000E-01   0.00000000000000000E+00   0.00000000000000000E+00  -0.36616225079504915E+02
PP1G4        3   0.35000000000000000E+03  -0.99000000000000000E+02   0.73383660061913858E+00   0.18420000000000001E+01   0.25999999999999999E-01   0.00000000000000000E+00   0.00000000000000000E+00  -0.42621669206956213E+02
PP3P0        4   0.10000000000000000E+01  -0.99000000000000000E+02   0.14316058597353504E+00   0.13300000000000001E+00   0.50000000000000001E-03   0.00000000000000000E+00   0.00000000000000000E+00   0.20321171947070059E+02
PP3P0        4   0.50000000000000000E+01  -0.99000000000000000E+02   0.17080245246974641E+01   0.15820000000000001E+01   0.30000000000000001E-02   0.00000000000000000E+00   0.00000000000000000E+00   0.42008174899154682E+02
PP3P0        4   0.10000000000000000E+02  -0.99000000000000000E+02   0.40793987010713435E+01   0.37370000000000001E+01   0.80000000000000002E-02   0.00000000000000000E+00   0.00000000000000000E+00   0.42799837633917925E+02
PP3P0        4   0.25000000000000000E+02  -0.99000000000000000E+02   0.95829469958717119E+01   0.86069999999999993E+01   0.20000000000000000E-01   0.00000000000000000E+00   0.00000000000000000E+00   0.48797349793585632E+02
PP3P0        4   0.50000000000000000E+02  -0.99000000000000000E+02   0.12716046097601300E+02   0.11523999999999999E+02   0.32000000000000001E-01   0.00000000000000000E+00   0.00000000000000000E+00   0.37251440550040648E+02
PP3P0        4   0.10000000000000000E+03  -0.99000000000000000E+02   0.83811632892751931E+01   0.94969999999999999E+01   0.56000000000000001E-01   0.00000000000000000E+00   0.00000000000000000E+00  -0.19925655548657264E+02
PP3P0        4   0.15000000000000000E+03  -0.99000000000000000E+02  -0.81850578275983910E+00   0.48159999999999998E+01   0.66000000000000003E-01   0.00000000000000000E+00   0.00000000000000000E+00  -0.85371299738785439E+02
PP3P0        4   0.20000000000000000E+03  -0.99000000000000000E+02  -0.11532330743731020E+02  -0.22700000000000001E+00   0.62000000000000000E-01   0.00000000000000000E+00   0.00000000000000000E+00  -0.18234404425372611E+03
PP3P0        4   0.25000000000000000E+03  -0.99000000000000000E+02  -0.22374026183288493E+02  -0.51210000000000004E+01   0.63000000000000000E-01   0.00000000000000000E+00   0.00000000000000000E+00  -0.27385755846489667E+03
PP3P0        4   0.30000000000000000E+03  -0.99000000000000000E+02  -0.32077973378368959E+02  -0.96630000000000003E+01   0.88999999999999996E-01   0.00000000000000000E+00   0.00000000000000000E+00  -0.25185363346481978E+03
PP3P0        4   0.35000000000000000E+03  -0.99000000000000000E+02  -0.38831728252020874E+02  -0.13677000000000000E+02   0.14099999999999999E+00   0.00000000000000000E+00   0.00000000000000000E+00  -0.17840232802851685E+03
PP3P1        5   0.10000000000000000E+01  -0.99000000000000000E+02  -0.78499566087969097E-01  -0.80000000000000002E-01   0.50000000000000001E-03   0.00000000000000000E+00   0.00000000000000000E+00   0.30008678240618090E+01
PP3P1        5   0.50000000000000000E+01  -0.99000000000000000E+02  -0.86221199614951838E+00  -0.89200000000000002E+00   0.10000000000000000E-02   0.00000000000000000E+00   0.00000000000000000E+00   0.29788003850481637E+02
PP3P1        5   0.10000000000000000E+02  -0.99000000000000000E+02  -0.19516576360985216E+01  -0.20369999999999999E+01   0.20000000000000000E-02   0.00000000000000000E+00   0.00000000000000000E+00   0.42671181950739154E+02
PP3P1        5   0.25000000000000000E+02  -0.99000000000000000E+02  -0.46181202864396766E+01  -0.48620000000000001E+01   0.60000000000000001E-02   0.00000000000000000E+00   0.00000000000000000E+00   0.40646618926720578E+02
PP3P1        5   0.50000000000000000E+02  -0.99000000000000000E+02  -0.79464252926677519E+01  -0.82080000000000002E+01   0.12000000000000000E-01   0.00000000000000000E+00   0.00000000000000000E+00   0.21797892277687357E+02
PP3P1        5   0.10000000000000000E+03  -0.99000000000000000E+02  -0.14392012732725139E+02  -0.13259000000000000E+02   0.19000000000000000E-01   0.00000000000000000E+00   0.00000000000000000E+00  -0.59632249090796755E+02
PP3P1        5   0.15000000000000000E+03  -0.99000000000000000E+02  -0.22168121632747784E+02  -0.17620000000000001E+02   0.25000000000000001E-01   0.00000000000000000E+00   0.00000000000000000E+00  -0.18192486530991133E+03
PP3P1        5   0.20000000000000000E+03  -0.99000000000000000E+02  -0.31170025846558460E+02  -0.21506000000000000E+02   0.35999999999999997E-01   0.00000000000000000E+00   0.00000000000000000E+00  -0.26844516240440169E+03
PP3P1        5   0.25000000000000000E+03  -0.99000000000000000E+02  -0.40712138963492443E+02  -0.24902999999999999E+02   0.50999999999999997E-01   0.00000000000000000E+00   0.00000000000000000E+00  -0.30998311693122440E+03
PP3P1        5   0.30000000000000000E+03  -0.99000000000000000E+02  -0.49717088331203826E+02  -0.27811000000000000E+02   0.64000000000000001E-01   0.00000000000000000E+00   0.00000000000000000E+00  -0.34228263017505975E+03
PP3P1        5   0.35000000000000000E+03  -0.99000000000000000E+02  -0.56388679967836097E+02  -0.30221000000000000E+02   0.75999999999999998E-01   0.00000000000000000E+00   0.00000000000000000E+00  -0.34431157852415919E+03
PP3F3        6   0.10000000000000000E+01  -0.99000000000000000E+02  -0.25787000280548224E-04   0.00000000000000000E+00   0.50000000000000001E-03   0.00000000000000000E+00   0.00000000000000000E+00  -0.51574000561096449E-01
PP3F3        6   0.50000000000000000E+01  -0.99000000000000000E+02  -0.50304317677183569E-02  -0.40000000000000001E-02   0.50000000000000001E-03   0.00000000000000000E+00   0.00000000000000000E+00  -0.20608635354367135E+01
PP3F3        6   0.10000000000000000E+02  -0.99000000000000000E+02  -0.32489042238684554E-01  -0.31000000000000000E-01   0.50000000000000001E-03   0.00000000000000000E+00   0.00000000000000000E+00  -0.29780844773691082E+01
PP3F3        6   0.25000000000000000E+02  -0.99000000000000000E+02  -0.22973884527541305E+00  -0.23000000000000001E+00   0.50000000000000001E-03   0.00000000000000000E+00   0.00000000000000000E+00   0.52230944917391886E+00
PP3F3        6   0.50000000000000000E+02  -0.99000000000000000E+02  -0.67405602981302615E+00  -0.68200000000000005E+00   0.20000000000000000E-02   0.00000000000000000E+00   0.00000000000000000E+00   0.39719850934869516E+01
PP3F3        6   0.10000000000000000E+03  -0.99000000000000000E+02  -0.13873981374046629E+01  -0.14730000000000001E+01   0.89999999999999993E-02   0.00000000000000000E+00   0.00000000000000000E+00   0.95113180661485774E+01
PP3F3        6   0.15000000000000000E+03  -0.99000000000000000E+02  -0.17047791594818067E+01  -0.20609999999999999E+01   0.19000000000000000E-01   0.00000000000000000E+00   0.00000000000000000E+00   0.18748465290431223E+02
PP3F3        6   0.20000000000000000E+03  -0.99000000000000000E+02  -0.16582519352845366E+01  -0.25049999999999999E+01   0.33000000000000002E-01   0.00000000000000000E+00   0.00000000000000000E+00   0.25659032264104948E+02
PP3F3        6   0.25000000000000000E+03  -0.99000000000000000E+02  -0.13492699193941875E+01  -0.27180000000000000E+01   0.45999999999999999E-01   0.00000000000000000E+00   0.00000000000000000E+00   0.29755001752300270E+02
PP3F3        6   0.30000000000000000E+03  -0.99000000000000000E+02  -0.92133243590302172E+00  -0.25470000000000002E+01   0.53999999999999999E-01   0.00000000000000000E+00   0.00000000000000000E+00   0.30104954890684787E+02
PP3F3        6   0.35000000000000000E+03  -0.99000000000000000E+02  -0.51765035293714456E+00  -0.19219999999999999E+01   0.68000000000000005E-01   0.00000000000000000E+00   0.00000000000000000E+00   0.20652200692100813E+02
PP3P2        7   0.10000000000000000E+01  -0.99000000000000000E+02   0.21284547728106597E-01   0.14000000000000000E-01   0.50000000000000001E-03   0.00000000000000000E+00   0.00000000000000000E+00   0.14569095456213192E+02
PP3P2        7   0.50000000000000000E+01  -0.99000000000000000E+02   0.32718860803358751E+00   0.21299999999999999E+00   0.10000000000000000E-02   0.00000000000000000E+00   0.00000000000000000E+00   0.11418860803358751E+03
PP3P2        7   0.10000000000000000E+02  -0.99000000000000000E+02   0.98926379897059002E+00   0.64800000000000002E+00   0.20000000000000000E-02   0.00000000000000000E+00   0.00000000000000000E+00   0.17063189948529501E+03
PP3P2        7   0.25000000000000000E+02  -0.99000000000000000E+02   0.38578610778623461E+01   0.24889999999999999E+01   0.50000000000000001E-02   0.00000000000000000E+00   0.00000000000000000E+00   0.27377221557246924E+03
PP3P2        7   0.50000000000000000E+02  -0.99000000000000000E+02   0.93739571127059556E+01   0.58540000000000001E+01   0.89999999999999993E-02   0.00000000000000000E+00   0.00000000000000000E+00   0.39110634585621733E+03
PP3P2        7   0.10000000000000000E+03  -0.99000000000000000E+02   0.17593213625066628E+02   0.10980000000000000E+02   0.17999999999999999E-01   0.00000000000000000E+00   0.00000000000000000E+00   0.36740075694814601E+03
PP3P2        7   0.15000000000000000E+03  -0.99000000000000000E+02   0.20487221484682649E+02   0.14007999999999999E+02   0.19000000000000000E-01   0.00000000000000000E+00   0.00000000000000000E+00   0.34101165708856053E+03
PP3P2        7   0.20000000000000000E+03  -0.99000000000000000E+02   0.19574589301701216E+02   0.15784000000000001E+02   0.25000000000000001E-01   0.00000000000000000E+00   0.00000000000000000E+00   0.15162357206804862E+03
PP3P2        7   0.25000000000000000E+03  -0.99000000000000000E+02   0.16509563565542404E+02   0.16715000000000000E+02   0.32000000000000001E-01   0.00000000000000000E+00   0.00000000000000000E+00  -0.64198885767998703E+01
PP3P2        7   0.30000000000000000E+03  -0.99000000000000000E+02   0.12504934840408396E+02   0.16951000000000001E+02   0.33000000000000002E-01   0.00000000000000000E+00   0.00000000000000000E+00  -0.13472924726035166E+03
PP3P2        7   0.35000000000000000E+03  -0.99000000000000000E+02   0.84594944388771935E+01   0.16600000000000001E+02   0.29999999999999999E-01   0.00000000000000000E+00   0.00000000000000000E+00  -0.27135018537076030E+03
PPE2         8   0.10000000000000000E+01  -0.99000000000000000E+02  -0.11438727967513532E-02  -0.10000000000000000E-02   0.50000000000000001E-03   0.00000000000000000E+00   0.00000000000000000E+00  -0.28774559350270645E+00
PPE2         8   0.50000000000000000E+01  -0.99000000000000000E+02  -0.53036548692244806E-01  -0.51999999999999998E-01   0.50000000000000001E-03   0.00000000000000000E+00   0.00000000000000000E+00  -0.20730973844896168E+01
PPE2         8   0.10000000000000000E+02  -0.99000000000000000E+02  -0.20293811508501980E+00  -0.20100000000000001E+00   0.50000000000000001E-03   0.00000000000000000E+00   0.00000000000000000E+00  -0.38762301700395740E+01
PPE2         8   0.25000000000000000E+02  -0.99000000000000000E+02  -0.81931296465499726E+00  -0.81100000000000005E+00   0.10000000000000000E-02   0.00000000000000000E+00   0.00000000000000000E+00  -0.83129646549972005E+01
PPE2         8   0.50000000000000000E+02  -0.99000000000000000E+02  -0.17022979429656069E+01  -0.17080000000000000E+01   0.40000000000000001E-02   0.00000000000000000E+00   0.00000000000000000E+00   0.14255142585982705E+01
PPE2         8   0.10000000000000000E+03  -0.99000000000000000E+02  -0.24450333090845238E+01  -0.26429999999999998E+01   0.80000000000000002E-02   0.00000000000000000E+00   0.00000000000000000E+00   0.24745836364434503E+02
PPE2         8   0.15000000000000000E+03  -0.99000000000000000E+02  -0.23719559218004358E+01  -0.29129999999999998E+01   0.12000000000000000E-01   0.00000000000000000E+00   0.00000000000000000E+00   0.45087006516630332E+02
PPE2         8   0.20000000000000000E+03  -0.99000000000000000E+02  -0.19951605463007838E+01  -0.29009999999999998E+01   0.16000000000000000E-01   0.00000000000000000E+00   0.00000000000000000E+00   0.56614965856201003E+02
PPE2         8   0.25000000000000000E+03  -0.99000000000000000E+02  -0.15370364085389909E+01  -0.27029999999999998E+01   0.21999999999999999E-01   0.00000000000000000E+00   0.00000000000000000E+00   0.52998345066409499E+02
PPE2         8   0.30000000000000000E+03  -0.99000000000000000E+02  -0.10929663028484569E+01  -0.23119999999999998E+01   0.29999999999999999E-01   0.00000000000000000E+00   0.00000000000000000E+00   0.40634456571718104E+02
PPE2         8   0.35000000000000000E+03  -0.99000000000000000E+02  -0.71046911845006555E+00  -0.17300000000000000E+01   0.39000000000000000E-01   0.00000000000000000E+00   0.00000000000000000E+00   0.26141817475639343E+02
PP3F2        9   0.10000000000000000E+01  -0.99000000000000000E+02   0.95159938696081448E-05   0.00000000000000000E+00   0.50000000000000001E-03   0.00000000000000000E+00   0.00000000000000000E+00   0.19031987739216289E-01
PP3F2        9   0.50000000000000000E+01  -0.99000000000000000E+02   0.19964938148131607E-02   0.20000000000000000E-02   0.50000000000000001E-03   0.00000000000000000E+00   0.00000000000000000E+00  -0.70123703736785920E-02
PP3F2        9   0.10000000000000000E+02  -0.99000000000000000E+02   0.13695822748341482E-01   0.12999999999999999E-01   0.50000000000000001E-03   0.00000000000000000E+00   0.00000000000000000E+00   0.13916454966829659E+01
PP3F2        9   0.25000000000000000E+02  -0.99000000000000000E+02   0.10796803005933574E+00   0.10500000000000000E+00   0.50000000000000001E-03   0.00000000000000000E+00   0.00000000000000000E+00   0.59360601186714819E+01
PP3F2        9   0.50000000000000000E+02  -0.99000000000000000E+02   0.35678333417019348E+00   0.34100000000000003E+00   0.10000000000000000E-02   0.00000000000000000E+00   0.00000000000000000E+00   0.15783334170193452E+02
PP3F2        9   0.10000000000000000E+03  -0.99000000000000000E+02   0.93515642955697575E+00   0.83199999999999996E+00   0.80000000000000002E-02   0.00000000000000000E+00   0.00000000000000000E+00   0.12894553694621974E+02
PP3F2        9   0.15000000000000000E+03  -0.99000000000000000E+02   0.15185827532078184E+01   0.11919999999999999E+01   0.17000000000000001E-01   0.00000000000000000E+00   0.00000000000000000E+00   0.19210750188695204E+02
PP3F2        9   0.20000000000000000E+03  -0.99000000000000000E+02   0.19746828064886099E+01   0.13270000000000000E+01   0.21999999999999999E-01   0.00000000000000000E+00   0.00000000000000000E+00   0.29440127567664092E+02
PP3F2        9   0.25000000000000000E+03  -0.99000000000000000E+02   0.21659955373408639E+01   0.12230000000000001E+01   0.27000000000000000E-01   0.00000000000000000E+00   0.00000000000000000E+00   0.34925760642254218E+02
PP3F2        9   0.30000000000000000E+03  -0.99000000000000000E+02   0.20368560024769971E+01   0.92100000000000004E+00   0.39000000000000000E-01   0.00000000000000000E+00   0.00000000000000000E+00   0.28611692371205052E+02
PP3F2        9   0.35000000000000000E+03  -0.99000000000000000E+02   0.16464477686229735E+01   0.46100000000000002E+00   0.55000000000000000E-01   0.00000000000000000E+00   0.00000000000000000E+00   0.21553595793144972E+02
PP3F4       10   0.10000000000000000E+01  -0.99000000000000000E+02   0.20034806262167967E-06   0.00000000000000000E+00   0.50000000000000001E-03   0.00000000000000000E+00   0.00000000000000000E+00   0.40069612524335933E-03
PP3F4       10   0.50000000000000000E+01  -0.99000000000000000E+02   0.12260481139876324E-03   0.00000000000000000E+00   0.50000000000000001E-03   0.00000000000000000E+00   0.00000000000000000E+00   0.24520962279752648E+00
PP3F4       10   0.10000000000000000E+02  -0.99000000000000000E+02   0.13785248203361635E-02   0.10000000000000000E-02   0.50000000000000001E-03   0.00000000000000000E+00   0.00000000000000000E+00   0.75704964067232694E+00
PP3F4       10   0.25000000000000000E+02  -0.99000000000000000E+02   0.20646745608889881E-01   0.19000000000000000E-01   0.50000000000000001E-03   0.00000000000000000E+00   0.00000000000000000E+00   0.32934912177797622E+01
PP3F4       10   0.50000000000000000E+02  -0.99000000000000000E+02   0.11039311186004122E+00   0.10199999999999999E+00   0.10000000000000000E-02   0.00000000000000000E+00   0.00000000000000000E+00   0.83931118600412269E+01
PP3F4       10   0.10000000000000000E+03  -0.99000000000000000E+02   0.44742332596035567E+00   0.46100000000000002E+00   0.50000000000000001E-02   0.00000000000000000E+00   0.00000000000000000E+00  -0.27153348079288708E+01
PP3F4       10   0.15000000000000000E+03  -0.99000000000000000E+02   0.87556984487780654E+00   0.10129999999999999E+01   0.89999999999999993E-02   0.00000000000000000E+00   0.00000000000000000E+00  -0.15270017235799264E+02
PP3F4       10   0.20000000000000000E+03  -0.99000000000000000E+02   0.12535997117277495E+01   0.16339999999999999E+01   0.16000000000000000E-01   0.00000000000000000E+00   0.00000000000000000E+00  -0.23775018017015647E+02
PP3F4       10   0.25000000000000000E+03  -0.99000000000000000E+02   0.14591200090097471E+01   0.22000000000000002E+01   0.21999999999999999E-01   0.00000000000000000E+00   0.00000000000000000E+00  -0.33676363226829686E+02
PP3F4       10   0.30000000000000000E+03  -0.99000000000000000E+02   0.14301862059845254E+01   0.26440000000000001E+01   0.27000000000000000E-01   0.00000000000000000E+00   0.00000000000000000E+00  -0.44956066445017584E+02
PP3F4       10   0.35000000000000000E+03  -0.99000000000000000E+02   0.11924635075842498E+01   0.29700000000000002E+01   0.42000000000000003E-01   0.00000000000000000E+00   0.00000000000000000E+00  -0.42322297438470244E+02
PPE4        11   0.10000000000000000E+01  -0.99000000000000000E+02  -0.47146201657483755E-06   0.00000000000000000E+00   0.50000000000000001E-03   0.00000000000000000E+00   0.00000000000000000E+00  -0.94292403314967510E-03
PPE4        11   0.50000000000000000E+01  -0.99000000000000000E+02  -0.38086434512129603E-03   0.00000000000000000E+00   0.50000000000000001E-03   0.00000000000000000E+00   0.00000000000000000E+00  -0.76172869024259204E+00
PPE4        11   0.10000000000000000E+02  -0.99000000000000000E+02  -0.40867896938839307E-02  -0.40000000000000001E-02   0.50000000000000001E-03   0.00000000000000000E+00   0.00000000000000000E+00  -0.17357938776786130E+00
PPE4        11   0.25000000000000000E+02  -0.99000000000000000E+02  -0.49094323989416287E-01  -0.49000000000000002E-01   0.50000000000000001E-03   0.00000000000000000E+00   0.00000000000000000E+00  -0.18864797883257067E+00
PPE4        11   0.50000000000000000E+02  -0.99000000000000000E+02  -0.19490253797565318E+00  -0.19700000000000001E+00   0.50000000000000001E-03   0.00000000000000000E+00   0.00000000000000000E+00   0.41949240486936485E+01
PPE4        11   0.10000000000000000E+03  -0.99000000000000000E+02  -0.52207812016453381E+00  -0.55400000000000005E+00   0.10000000000000000E-02   0.00000000000000000E+00   0.00000000000000000E+00   0.31921879835466239E+02
PPE4        11   0.15000000000000000E+03  -0.99000000000000000E+02  -0.76384846180676735E+00  -0.87700000000000000E+00   0.30000000000000001E-02   0.00000000000000000E+00   0.00000000000000000E+00   0.37717179397744218E+02
PPE4        11   0.20000000000000000E+03  -0.99000000000000000E+02  -0.87357390153200010E+00  -0.11290000000000000E+01   0.50000000000000001E-02   0.00000000000000000E+00   0.00000000000000000E+00   0.51085219693599981E+02
PPE4        11   0.25000000000000000E+03  -0.99000000000000000E+02  -0.84619930808957844E+00  -0.13080000000000001E+01   0.60000000000000001E-02   0.00000000000000000E+00   0.00000000000000000E+00   0.76966781985070270E+02
PPE4        11   0.30000000000000000E+03  -0.99000000000000000E+02  -0.70986997939465135E+00  -0.14339999999999999E+01   0.70000000000000001E-02   0.00000000000000000E+00   0.00000000000000000E+00   0.10344714580076408E+03
PPE4        11   0.35000000000000000E+03  -0.99000000000000000E+02  -0.51717120660974292E+00  -0.15409999999999999E+01   0.10000000000000000E-01   0.00000000000000000E+00   0.00000000000000000E+00   0.10238287933902569E+03
PP3H4       12   0.10000000000000000E+01  -0.99000000000000000E+02   0.23377425577366846E-08   0.00000000000000000E+00   0.50000000000000001E-03   0.00000000000000000E+00   0.00000000000000000E+00   0.46754851154733693E-05
PP3H4       12   0.50000000000000000E+01  -0.99000000000000000E+02   0.86147131572529639E-05   0.00000000000000000E+00   0.50000000000000001E-03   0.00000000000000000E+00   0.00000000000000000E+00   0.17229426314505927E-01
PP3H4       12   0.10000000000000000E+02  -0.99000000000000000E+02   0.16872349527824489E-03   0.00000000000000000E+00   0.50000000000000001E-03   0.00000000000000000E+00   0.00000000000000000E+00   0.33744699055648980E+00
PP3H4       12   0.25000000000000000E+02  -0.99000000000000000E+02   0.41359892439019373E-02   0.40000000000000001E-02   0.50000000000000001E-03   0.00000000000000000E+00   0.00000000000000000E+00   0.27197848780387451E+00
PP3H4       12   0.50000000000000000E+02  -0.99000000000000000E+02   0.26365340558363707E-01   0.25999999999999999E-01   0.50000000000000001E-03   0.00000000000000000E+00   0.00000000000000000E+00   0.73068111672741631E+00
PP3H4       12   0.10000000000000000E+03  -0.99000000000000000E+02   0.10872194471439328E+00   0.11000000000000000E+00   0.50000000000000001E-03   0.00000000000000000E+00   0.00000000000000000E+00  -0.25561105712134378E+01
PP3H4       12   0.15000000000000000E+03  -0.99000000000000000E+02   0.20501665759623292E+00   0.22000000000000000E+00   0.20000000000000000E-02   0.00000000000000000E+00   0.00000000000000000E+00  -0.74916712018835430E+01
PP3H4       12   0.20000000000000000E+03  -0.99000000000000000E+02   0.28546900911962003E+00   0.34100000000000003E+00   0.60000000000000001E-02   0.00000000000000000E+00   0.00000000000000000E+00  -0.92551651467299987E+01
PP3H4       12   0.25000000000000000E+03  -0.99000000000000000E+02   0.32831861417846803E+00   0.46400000000000002E+00   0.12000000000000000E-01   0.00000000000000000E+00   0.00000000000000000E+00  -0.11306782151794334E+02
PP3H4       12   0.30000000000000000E+03  -0.99000000000000000E+02   0.32215669933893337E+00   0.57199999999999995E+00   0.19000000000000000E-01   0.00000000000000000E+00   0.00000000000000000E+00  -0.13149647403214031E+02
PP3H4       12   0.35000000000000000E+03  -0.99000000000000000E+02   0.27110259291585814E+00   0.65000000000000002E+00   0.25999999999999999E-01   0.00000000000000000E+00   0.00000000000000000E+00  -0.14572977195543919E+02
NP1S0       13   0.10000000000000000E+01  -0.99000000000000000E+02   0.61757409925633127E+02   0.62076999999999998E+02   0.17999999999999999E-01   0.00000000000000000E+00   0.00000000000000000E+00  -0.17755004131492868E+02
NP1S0       13   0.50000000000000000E+01  -0.99000000000000000E+02   0.62957221454925481E+02   0.63659999999999997E+02   0.43999999999999997E-01   0.00000000000000000E+00   0.00000000000000000E+00  -0.15972239660784448E+02
NP1S0       13   0.10000000000000000E+02  -0.99000000000000000E+02   0.59010974935894261E+02   0.60020000000000003E+02   0.63000000000000000E-01   0.00000000000000000E+00   0.00000000000000000E+00  -0.16016270858821308E+02
NP1S0       13   0.25000000000000000E+02  -0.99000000000000000E+02   0.49430464365332490E+02   0.51070999999999998E+02   0.99000000000000005E-01   0.00000000000000000E+00   0.00000000000000000E+00  -0.16571067016843511E+02
NP1S0       13   0.50000000000000000E+02  -0.99000000000000000E+02   0.38607833216555086E+02   0.40884999999999998E+02   0.14699999999999999E+00   0.00000000000000000E+00   0.00000000000000000E+00  -0.15490930499625252E+02
NP1S0       13   0.10000000000000000E+03  -0.99000000000000000E+02   0.25038628087038131E+02   0.27210000000000001E+02   0.23000000000000001E+00   0.00000000000000000E+00   0.00000000000000000E+00  -0.94407474476603053E+01
NP1S0       13   0.15000000000000000E+03  -0.99000000000000000E+02   0.17246238227055098E+02   0.17100000000000001E+02   0.26600000000000001E+00   0.00000000000000000E+00   0.00000000000000000E+00   0.54976777088382256E+00
NP1S0       13   0.20000000000000000E+03  -0.99000000000000000E+02   0.13589868847600407E+02   0.88300000000000001E+01   0.26700000000000002E+00   0.00000000000000000E+00   0.00000000000000000E+00   0.17827224148316130E+02
NP1S0       13   0.25000000000000000E+03  -0.99000000000000000E+02   0.12804239190134506E+02   0.19710000000000001E+01   0.28100000000000003E+00   0.00000000000000000E+00   0.00000000000000000E+00   0.38552452633930621E+02
NP1S0       13   0.30000000000000000E+03  -0.99000000000000000E+02   0.12870372728295392E+02  -0.36179999999999999E+01   0.34399999999999997E+00   0.00000000000000000E+00   0.00000000000000000E+00   0.47931316070626146E+02
NP1S0       13   0.35000000000000000E+03  -0.99000000000000000E+02   0.11962207184877338E+02  -0.80440000000000005E+01   0.45300000000000001E+00   0.00000000000000000E+00   0.00000000000000000E+00   0.44163812770148652E+02
NP1D2       14   0.10000000000000000E+01  -0.99000000000000000E+02   0.11510929977479264E-02   0.10000000000000000E-02   0.50000000000000001E-03   0.00000000000000000E+00   0.00000000000000000E+00   0.30218599549585279E+00
NP1D2       14   0.50000000000000000E+01  -0.99000000000000000E+02   0.42952957808166055E-01   0.41000000000000002E-01   0.50000000000000001E-03   0.00000000000000000E+00   0.00000000000000000E+00   0.39059156163321060E+01
NP1D2       14   0.10000000000000000E+02  -0.99000000000000000E+02   0.16376964276476674E+00   0.15500000000000000E+00   0.50000000000000001E-03   0.00000000000000000E+00   0.00000000000000000E+00   0.17539285529533487E+02
NP1D2       14   0.25000000000000000E+02  -0.99000000000000000E+02   0.73276401332571284E+00   0.67400000000000004E+00   0.10000000000000000E-02   0.00000000000000000E+00   0.00000000000000000E+00   0.58764013325712796E+02
NP1D2       14   0.50000000000000000E+02  -0.99000000000000000E+02   0.19520231198371785E+01   0.17020000000000000E+01   0.40000000000000001E-02   0.00000000000000000E+00   0.00000000000000000E+00   0.62505779959294628E+02
NP1D2       14   0.10000000000000000E+03  -0.99000000000000000E+02   0.48042185501717443E+01   0.37749999999999999E+01   0.80000000000000002E-02   0.00000000000000000E+00   0.00000000000000000E+00   0.12865231877146803E+03
NP1D2       14   0.15000000000000000E+03  -0.99000000000000000E+02   0.74286927845044497E+01   0.55709999999999997E+01   0.14000000000000000E-01   0.00000000000000000E+00   0.00000000000000000E+00   0.13269234175031787E+03
NP1D2       14   0.20000000000000000E+03  -0.99000000000000000E+02   0.89945286049125048E+01   0.71059999999999999E+01   0.21999999999999999E-01   0.00000000000000000E+00   0.00000000000000000E+00   0.85842209314204780E+02
NP1D2       14   0.25000000000000000E+03  -0.99000000000000000E+02   0.91363337684114914E+01   0.84239999999999995E+01   0.24000000000000000E-01   0.00000000000000000E+00   0.00000000000000000E+00   0.29680573683812160E+02
NP1D2       14   0.30000000000000000E+03  -0.99000000000000000E+02   0.80178877698026607E+01   0.94320000000000004E+01   0.32000000000000001E-01   0.00000000000000000E+00   0.00000000000000000E+00  -0.44191007193666863E+02
NP1D2       14   0.35000000000000000E+03  -0.99000000000000000E+02   0.61357710086464907E+01   0.99939999999999998E+01   0.53999999999999999E-01   0.00000000000000000E+00   0.00000000000000000E+00  -0.71448685025064989E+02
NP1G4       15   0.10000000000000000E+01  -0.99000000000000000E+02   0.35064675035613431E-06   0.00000000000000000E+00   0.50000000000000001E-03   0.00000000000000000E+00   0.00000000000000000E+00   0.70129350071226860E-03
NP1G4       15   0.50000000000000000E+01  -0.99000000000000000E+02   0.23918192735303371E-03   0.00000000000000000E+00   0.50000000000000001E-03   0.00000000000000000E+00   0.00000000000000000E+00   0.47836385470606740E+00
NP1G4       15   0.10000000000000000E+02  -0.99000000000000000E+02   0.26007507373785603E-02   0.20000000000000000E-02   0.50000000000000001E-03   0.00000000000000000E+00   0.00000000000000000E+00   0.12015014747571204E+01
NP1G4       15   0.25000000000000000E+02  -0.99000000000000000E+02   0.32842628578106763E-01   0.32000000000000001E-01   0.50000000000000001E-03   0.00000000000000000E+00   0.00000000000000000E+00   0.16852571562135237E+01
NP1G4       15   0.50000000000000000E+02  -0.99000000000000000E+02   0.13618212317617820E+00   0.13200000000000001E+00   0.10000000000000000E-02   0.00000000000000000E+00   0.00000000000000000E+00   0.41821231761781927E+01
NP1G4       15   0.10000000000000000E+03  -0.99000000000000000E+02   0.39602711320790690E+00   0.37000000000000000E+00   0.89999999999999993E-02   0.00000000000000000E+00   0.00000000000000000E+00   0.28919014675452117E+01
NP1G4       15   0.15000000000000000E+03  -0.99000000000000000E+02   0.64637387300213456E+00   0.60599999999999998E+00   0.29999999999999999E-01   0.00000000000000000E+00   0.00000000000000000E+00   0.13457957667378193E+01
NP1G4       15   0.20000000000000000E+03  -0.99000000000000000E+02   0.83923054710918865E+00   0.84899999999999998E+00   0.58999999999999997E-01   0.00000000000000000E+00   0.00000000000000000E+00  -0.16558394730188689E+00
NP1G4       15   0.25000000000000000E+03  -0.99000000000000000E+02   0.92821730376745271E+00   0.11190000000000000E+01   0.81000000000000003E-01   0.00000000000000000E+00   0.00000000000000000E+00  -0.23553419287968800E+01
NP1G4       15   0.30000000000000000E+03  -0.99000000000000000E+02   0.88702578770767038E+00   0.14379999999999999E+01   0.85000000000000006E-01   0.00000000000000000E+00   0.00000000000000000E+00  -0.64820495563803471E+01
NP1G4       15   0.35000000000000000E+03  -0.99000000000000000E+02   0.73086250172674827E+00   0.18290000000000000E+01   0.83000000000000004E-01   0.00000000000000000E+00   0.00000000000000000E+00  -0.13230572268352429E+02
NP3P0       16   0.10000000000000000E+01  -0.99000000000000000E+02   0.19104187832330735E+00   0.18099999999999999E+00   0.50000000000000001E-03   0.00000000000000000E+00   0.00000000000000000E+00   0.20083756646614713E+02
NP3P0       16   0.50000000000000000E+01  -0.99000000000000000E+02   0.17580384044729516E+01   0.16570000000000000E+01   0.30000000000000001E-02   0.00000000000000000E+00   0.00000000000000000E+00   0.33679468157650511E+02
NP3P0       16   0.10000000000000000E+02  -0.99000000000000000E+02   0.40083099490007648E+01   0.37540000000000000E+01   0.80000000000000002E-02   0.00000000000000000E+00   0.00000000000000000E+00   0.31788743625095595E+02
NP3P0       16   0.25000000000000000E+02  -0.99000000000000000E+02   0.91364538747435375E+01   0.84789999999999992E+01   0.21000000000000001E-01   0.00000000000000000E+00   0.00000000000000000E+00   0.31307327368739919E+02
NP3P0       16   0.50000000000000000E+02  -0.99000000000000000E+02   0.11933350653624675E+02   0.11300000000000001E+02   0.33000000000000002E-01   0.00000000000000000E+00   0.00000000000000000E+00   0.19192444049232559E+02
NP3P0       16   0.10000000000000000E+03  -0.99000000000000000E+02   0.73949605980317807E+01   0.91400000000000006E+01   0.57000000000000002E-01   0.00000000000000000E+00   0.00000000000000000E+00  -0.30614726350319646E+02
NP3P0       16   0.15000000000000000E+03  -0.99000000000000000E+02  -0.18443145627028281E+01   0.43360000000000003E+01   0.66000000000000003E-01   0.00000000000000000E+00   0.00000000000000000E+00  -0.93641129737921645E+02
NP3P0       16   0.20000000000000000E+03  -0.99000000000000000E+02  -0.12547643704489891E+02  -0.79600000000000004E+00   0.62000000000000000E-01   0.00000000000000000E+00   0.00000000000000000E+00  -0.18954264039499824E+03
NP3P0       16   0.25000000000000000E+03  -0.99000000000000000E+02  -0.23340148672117856E+02  -0.57489999999999997E+01   0.64000000000000001E-01   0.00000000000000000E+00   0.00000000000000000E+00  -0.27486169800184149E+03
NP3P0       16   0.30000000000000000E+03  -0.99000000000000000E+02  -0.32936933119040752E+02  -0.10324999999999999E+02   0.90999999999999998E-01   0.00000000000000000E+00   0.00000000000000000E+00  -0.24848278152792037E+03
NP3P0       16   0.35000000000000000E+03  -0.99000000000000000E+02  -0.39473429975579258E+02  -0.14349000000000000E+02   0.14499999999999999E+00   0.00000000000000000E+00   0.00000000000000000E+00  -0.17327193086606385E+03
NP3P1       17   0.10000000000000000E+01  -0.99000000000000000E+02  -0.10325241057832174E+00  -0.10700000000000000E+00   0.50000000000000001E-03   0.00000000000000000E+00   0.00000000000000000E+00   0.74951788433565145E+01
NP3P1       17   0.50000000000000000E+01  -0.99000000000000000E+02  -0.88571692768357480E+00  -0.93300000000000005E+00   0.10000000000000000E-02   0.00000000000000000E+00   0.00000000000000000E+00   0.47283072316425255E+02
NP3P1       17   0.10000000000000000E+02  -0.99000000000000000E+02  -0.19352968620158173E+01  -0.20569999999999999E+01   0.20000000000000000E-02   0.00000000000000000E+00   0.00000000000000000E+00   0.60851568992091316E+02
NP3P1       17   0.25000000000000000E+02  -0.99000000000000000E+02  -0.45369462906596949E+01  -0.48769999999999998E+01   0.60000000000000001E-02   0.00000000000000000E+00   0.00000000000000000E+00   0.56675618223384149E+02
NP3P1       17   0.50000000000000000E+02  -0.99000000000000000E+02  -0.78800996276580921E+01  -0.83179999999999996E+01   0.12999999999999999E-01   0.00000000000000000E+00   0.00000000000000000E+00   0.33684644026300575E+02
NP3P1       17   0.10000000000000000E+03  -0.99000000000000000E+02  -0.14472691739628916E+02  -0.13571000000000000E+02   0.19000000000000000E-01   0.00000000000000000E+00   0.00000000000000000E+00  -0.47457459980469260E+02
NP3P1       17   0.15000000000000000E+03  -0.99000000000000000E+02  -0.22398126733870829E+02  -0.18033999999999999E+02   0.25000000000000001E-01   0.00000000000000000E+00   0.00000000000000000E+00  -0.17456506935483318E+03
NP3P1       17   0.20000000000000000E+03  -0.99000000000000000E+02  -0.31508140413565474E+02  -0.21957999999999998E+02   0.36999999999999998E-01   0.00000000000000000E+00   0.00000000000000000E+00  -0.25811190306933719E+03
NP3P1       17   0.25000000000000000E+03  -0.99000000000000000E+02  -0.41102109245284772E+02  -0.25375000000000000E+02   0.50999999999999997E-01   0.00000000000000000E+00   0.00000000000000000E+00  -0.30837469108401518E+03
NP3P1       17   0.30000000000000000E+03  -0.99000000000000000E+02  -0.50080391930155130E+02  -0.28308000000000000E+02   0.65000000000000002E-01   0.00000000000000000E+00   0.00000000000000000E+00  -0.33495987584854043E+03
NP3P1       17   0.35000000000000000E+03  -0.99000000000000000E+02  -0.56591602244484406E+02  -0.30747000000000000E+02   0.75999999999999998E-01   0.00000000000000000E+00   0.00000000000000000E+00  -0.34006055584847905E+03
NP3F3       18   0.10000000000000000E+01  -0.99000000000000000E+02  -0.25468994050540623E-04   0.00000000000000000E+00   0.50000000000000001E-03   0.00000000000000000E+00   0.00000000000000000E+00  -0.50937988101081244E-01
NP3F3       18   0.50000000000000000E+01  -0.99000000000000000E+02  -0.41111160643974836E-02  -0.40000000000000001E-02   0.50000000000000001E-03   0.00000000000000000E+00   0.00000000000000000E+00  -0.22223212879496704E+00
NP3F3       18   0.10000000000000000E+02  -0.99000000000000000E+02  -0.26643262312089702E-01  -0.25999999999999999E-01   0.50000000000000001E-03   0.00000000000000000E+00   0.00000000000000000E+00  -0.12865246241794068E+01
NP3F3       18   0.25000000000000000E+02  -0.99000000000000000E+02  -0.19694265314155573E+00  -0.19800000000000001E+00   0.50000000000000001E-03   0.00000000000000000E+00   0.00000000000000000E+00   0.21146937168885493E+01
NP3F3       18   0.50000000000000000E+02  -0.99000000000000000E+02  -0.60054553931090227E+00  -0.61099999999999999E+00   0.20000000000000000E-02   0.00000000000000000E+00   0.00000000000000000E+00   0.52272303445488610E+01
NP3F3       18   0.10000000000000000E+03  -0.99000000000000000E+02  -0.12706150386796735E+01  -0.13810000000000000E+01   0.89999999999999993E-02   0.00000000000000000E+00   0.00000000000000000E+00   0.12264995702258499E+02
NP3F3       18   0.15000000000000000E+03  -0.99000000000000000E+02  -0.15721409874274206E+01  -0.20040000000000000E+01   0.20000000000000000E-01   0.00000000000000000E+00   0.00000000000000000E+00   0.21592950628628969E+02
NP3F3       18   0.20000000000000000E+03  -0.99000000000000000E+02  -0.15264498664332811E+01  -0.25089999999999999E+01   0.33000000000000002E-01   0.00000000000000000E+00   0.00000000000000000E+00   0.29774246471718751E+02
NP3F3       18   0.25000000000000000E+03  -0.99000000000000000E+02  -0.12319114573467214E+01  -0.27810000000000001E+01   0.45999999999999999E-01   0.00000000000000000E+00   0.00000000000000000E+00   0.33675837883766931E+02
NP3F3       18   0.30000000000000000E+03  -0.99000000000000000E+02  -0.82857994798079371E+00  -0.26490000000000000E+01   0.53999999999999999E-01   0.00000000000000000E+00   0.00000000000000000E+00   0.33711482444800119E+02
NP3F3       18   0.35000000000000000E+03  -0.99000000000000000E+02  -0.45367009792588425E+00  -0.20400000000000000E+01   0.69000000000000006E-01   0.00000000000000000E+00   0.00000000000000000E+00   0.22990288435856748E+02
NP3P2       19   0.10000000000000000E+01  -0.99000000000000000E+02   0.34299015212517520E-01   0.21999999999999999E-01   0.50000000000000001E-03   0.00000000000000000E+00   0.00000000000000000E+00   0.24598030425035041E+02
NP3P2       19   0.50000000000000000E+01  -0.99000000000000000E+02   0.39055658205507604E+00   0.25800000000000001E+00   0.10000000000000000E-02   0.00000000000000000E+00   0.00000000000000000E+00   0.13255658205507603E+03
NP3P2       19   0.10000000000000000E+02  -0.99000000000000000E+02   0.11004367425745389E+01   0.72699999999999998E+00   0.20000000000000000E-02   0.00000000000000000E+00   0.00000000000000000E+00   0.18671837128726946E+03
NP3P2       19   0.25000000000000000E+02  -0.99000000000000000E+02   0.40538933674307787E+01   0.26269999999999998E+01   0.50000000000000001E-02   0.00000000000000000E+00   0.00000000000000000E+00   0.28537867348615578E+03
NP3P2       19   0.50000000000000000E+02  -0.99000000000000000E+02   0.96052382667068077E+01   0.60110000000000001E+01   0.89999999999999993E-02   0.00000000000000000E+00   0.00000000000000000E+00   0.39935980741186756E+03
NP3P2       19   0.10000000000000000E+03  -0.99000000000000000E+02   0.17703435786519965E+02   0.11061999999999999E+02   0.17999999999999999E-01   0.00000000000000000E+00   0.00000000000000000E+00   0.36896865480666474E+03
NP3P2       19   0.15000000000000000E+03  -0.99000000000000000E+02   0.20432333682280095E+02   0.14004000000000000E+02   0.20000000000000000E-01   0.00000000000000000E+00   0.00000000000000000E+00   0.32141668411400479E+03
NP3P2       19   0.20000000000000000E+03  -0.99000000000000000E+02   0.19400343932440254E+02   0.15696999999999999E+02   0.25999999999999999E-01   0.00000000000000000E+00   0.00000000000000000E+00   0.14243630509385596E+03
NP3P2       19   0.25000000000000000E+03  -0.99000000000000000E+02   0.16269997943928804E+02   0.16542000000000002E+02   0.32000000000000001E-01   0.00000000000000000E+00   0.00000000000000000E+00  -0.85000642522249361E+01
NP3P2       19   0.30000000000000000E+03  -0.99000000000000000E+02   0.12247122359404800E+02   0.16696999999999999E+02   0.33000000000000002E-01   0.00000000000000000E+00   0.00000000000000000E+00  -0.13484477698773330E+03
NP3P2       19   0.35000000000000000E+03  -0.99000000000000000E+02   0.82218149509820559E+01   0.16280000000000001E+02   0.29999999999999999E-01   0.00000000000000000E+00   0.00000000000000000E+00  -0.26860616830059820E+03
NPE2        20   0.10000000000000000E+01  -0.99000000000000000E+02  -0.13161883739055099E-02  -0.10000000000000000E-02   0.50000000000000001E-03   0.00000000000000000E+00   0.00000000000000000E+00  -0.63237674781101971E+00
NPE2        20   0.50000000000000000E+01  -0.99000000000000000E+02  -0.49126789869865628E-01  -0.48000000000000001E-01   0.50000000000000001E-03   0.00000000000000000E+00   0.00000000000000000E+00  -0.22535797397312538E+01
NPE2        20   0.10000000000000000E+02  -0.99000000000000000E+02  -0.18516074982739814E+00  -0.18400000000000000E+00   0.50000000000000001E-03   0.00000000000000000E+00   0.00000000000000000E+00  -0.23214996547962774E+01
NPE2        20   0.25000000000000000E+02  -0.99000000000000000E+02  -0.76061845099052061E+00  -0.76300000000000001E+00   0.10000000000000000E-02   0.00000000000000000E+00   0.00000000000000000E+00   0.23815490094794001E+01
NPE2        20   0.50000000000000000E+02  -0.99000000000000000E+02  -0.16139222082310583E+01  -0.16610000000000000E+01   0.40000000000000001E-02   0.00000000000000000E+00   0.00000000000000000E+00   0.11769447942235445E+02
NPE2        20   0.10000000000000000E+03  -0.99000000000000000E+02  -0.23580690563488953E+01  -0.26650000000000000E+01   0.80000000000000002E-02   0.00000000000000000E+00   0.00000000000000000E+00   0.38366367956388089E+02
NPE2        20   0.15000000000000000E+03  -0.99000000000000000E+02  -0.23045888056535522E+01  -0.29820000000000002E+01   0.12000000000000000E-01   0.00000000000000000E+00   0.00000000000000000E+00   0.56450932862203999E+02
NPE2        20   0.20000000000000000E+03  -0.99000000000000000E+02  -0.19451042512369450E+01  -0.29710000000000001E+01   0.17000000000000001E-01   0.00000000000000000E+00   0.00000000000000000E+00   0.60346808750767941E+02
NPE2        20   0.25000000000000000E+03  -0.99000000000000000E+02  -0.14989762013881571E+01  -0.27480000000000002E+01   0.21999999999999999E-01   0.00000000000000000E+00   0.00000000000000000E+00   0.56773809027811055E+02
NPE2        20   0.30000000000000000E+03  -0.99000000000000000E+02  -0.10630549927245672E+01  -0.23279999999999998E+01   0.29999999999999999E-01   0.00000000000000000E+00   0.00000000000000000E+00   0.42164833575847759E+02
NPE2        20   0.35000000000000000E+03  -0.99000000000000000E+02  -0.68685020651258277E+00  -0.17270000000000001E+01   0.40000000000000001E-01   0.00000000000000000E+00   0.00000000000000000E+00   0.26003744837185433E+02
NP3F2       21   0.10000000000000000E+01  -0.99000000000000000E+02   0.94793248165191476E-05   0.00000000000000000E+00   0.50000000000000001E-03   0.00000000000000000E+00   0.00000000000000000E+00   0.18958649633038296E-01
NP3F2       21   0.50000000000000000E+01  -0.99000000000000000E+02   0.16379063363741978E-02   0.20000000000000000E-02   0.50000000000000001E-03   0.00000000000000000E+00   0.00000000000000000E+00  -0.72418732725160451E+00
NP3F2       21   0.10000000000000000E+02  -0.99000000000000000E+02   0.11260451821487697E-01   0.10999999999999999E-01   0.50000000000000001E-03   0.00000000000000000E+00   0.00000000000000000E+00   0.52090364297539482E+00
NP3F2       21   0.25000000000000000E+02  -0.99000000000000000E+02   0.93026940355504628E-01   0.90999999999999998E-01   0.50000000000000001E-03   0.00000000000000000E+00   0.00000000000000000E+00   0.40538807110092607E+01
NP3F2       21   0.50000000000000000E+02  -0.99000000000000000E+02   0.32185073324395247E+00   0.30800000000000000E+00   0.20000000000000000E-02   0.00000000000000000E+00   0.00000000000000000E+00   0.69253666219762362E+01
NP3F2       21   0.10000000000000000E+03  -0.99000000000000000E+02   0.87945075262616024E+00   0.77500000000000002E+00   0.89999999999999993E-02   0.00000000000000000E+00   0.00000000000000000E+00   0.11605639180684468E+02
NP3F2       21   0.15000000000000000E+03  -0.99000000000000000E+02   0.14542359212792155E+01   0.11100000000000001E+01   0.17000000000000001E-01   0.00000000000000000E+00   0.00000000000000000E+00   0.20249171839953846E+02
NP3F2       21   0.20000000000000000E+03  -0.99000000000000000E+02   0.19070853827902665E+01   0.12120000000000000E+01   0.21999999999999999E-01   0.00000000000000000E+00   0.00000000000000000E+00   0.31594790126830301E+02
NP3F2       21   0.25000000000000000E+03  -0.99000000000000000E+02   0.20994214118297103E+01   0.10740000000000001E+01   0.28000000000000001E-01   0.00000000000000000E+00   0.00000000000000000E+00   0.36622193279632505E+02
NP3F2       21   0.30000000000000000E+03  -0.99000000000000000E+02   0.19755871050024538E+01   0.74399999999999999E+00   0.40000000000000001E-01   0.00000000000000000E+00   0.00000000000000000E+00   0.30789677625061344E+02
NP3F2       21   0.35000000000000000E+03  -0.99000000000000000E+02   0.15946132499688810E+01   0.26000000000000001E+00   0.56000000000000001E-01   0.00000000000000000E+00   0.00000000000000000E+00   0.23832379463730017E+02
NP3F4       22   0.10000000000000000E+01  -0.99000000000000000E+02   0.22635189293586626E-06   0.00000000000000000E+00   0.50000000000000001E-03   0.00000000000000000E+00   0.00000000000000000E+00   0.45270378587173254E-03
NP3F4       22   0.50000000000000000E+01  -0.99000000000000000E+02   0.10028488448920833E-03   0.00000000000000000E+00   0.50000000000000001E-03   0.00000000000000000E+00   0.00000000000000000E+00   0.20056976897841666E+00
NP3F4       22   0.10000000000000000E+02  -0.99000000000000000E+02   0.11192241696056119E-02   0.10000000000000000E-02   0.50000000000000001E-03   0.00000000000000000E+00   0.00000000000000000E+00   0.23844833921122383E+00
NP3F4       22   0.25000000000000000E+02  -0.99000000000000000E+02   0.17658131953517720E-01   0.16000000000000000E-01   0.50000000000000001E-03   0.00000000000000000E+00   0.00000000000000000E+00   0.33162639070354394E+01
NP3F4       22   0.50000000000000000E+02  -0.99000000000000000E+02   0.99591842902134312E-01   0.91999999999999998E-01   0.10000000000000000E-02   0.00000000000000000E+00   0.00000000000000000E+00   0.75918429021343128E+01
NP3F4       22   0.10000000000000000E+03  -0.99000000000000000E+02   0.42268807704391792E+00   0.43700000000000000E+00   0.50000000000000001E-02   0.00000000000000000E+00   0.00000000000000000E+00  -0.28623845912164159E+01
NP3F4       22   0.15000000000000000E+03  -0.99000000000000000E+02   0.84306058801996830E+00   0.97099999999999997E+00   0.10000000000000000E-01   0.00000000000000000E+00   0.00000000000000000E+00  -0.12793941198003166E+02
NP3F4       22   0.20000000000000000E+03  -0.99000000000000000E+02   0.12177913526660749E+01   0.15629999999999999E+01   0.16000000000000000E-01   0.00000000000000000E+00   0.00000000000000000E+00  -0.21575540458370316E+02
NP3F4       22   0.25000000000000000E+03  -0.99000000000000000E+02   0.14227581761853028E+01   0.20960000000000001E+01   0.21999999999999999E-01   0.00000000000000000E+00   0.00000000000000000E+00  -0.30601901082486243E+02
NP3F4       22   0.30000000000000000E+03  -0.99000000000000000E+02   0.13953895635197848E+01   0.25129999999999999E+01   0.27000000000000000E-01   0.00000000000000000E+00   0.00000000000000000E+00  -0.41392979128896854E+02
NP3F4       22   0.35000000000000000E+03  -0.99000000000000000E+02   0.11615600286317369E+01   0.28220000000000001E+01   0.42999999999999997E-01   0.00000000000000000E+00   0.00000000000000000E+00  -0.38614883055075893E+02
NPE4        23   0.10000000000000000E+01  -0.99000000000000000E+02  -0.39305211726347351E-06   0.00000000000000000E+00   0.50000000000000001E-03   0.00000000000000000E+00   0.00000000000000000E+00  -0.78610423452694705E-03
NPE4        23   0.50000000000000000E+01  -0.99000000000000000E+02  -0.27231688949590173E-03   0.00000000000000000E+00   0.50000000000000001E-03   0.00000000000000000E+00   0.00000000000000000E+00  -0.54463377899180343E+00
NPE4        23   0.10000000000000000E+02  -0.99000000000000000E+02  -0.30098002601956241E-02  -0.30000000000000001E-02   0.50000000000000001E-03   0.00000000000000000E+00   0.00000000000000000E+00  -0.19600520391248148E-01
NPE4        23   0.25000000000000000E+02  -0.99000000000000000E+02  -0.39322081057799309E-01  -0.39000000000000000E-01   0.50000000000000001E-03   0.00000000000000000E+00   0.00000000000000000E+00  -0.64416211559861769E+00
NPE4        23   0.50000000000000000E+02  -0.99000000000000000E+02  -0.16698975862123400E+00  -0.17000000000000001E+00   0.50000000000000001E-03   0.00000000000000000E+00   0.00000000000000000E+00   0.60204827575320303E+01
NPE4        23   0.10000000000000000E+03  -0.99000000000000000E+02  -0.47266823528800039E+00  -0.50600000000000001E+00   0.10000000000000000E-02   0.00000000000000000E+00   0.00000000000000000E+00   0.33331764711999611E+02
NPE4        23   0.15000000000000000E+03  -0.99000000000000000E+02  -0.70852491948297680E+00  -0.82899999999999996E+00   0.30000000000000001E-02   0.00000000000000000E+00   0.00000000000000000E+00   0.40158360172341055E+02
NPE4        23   0.20000000000000000E+03  -0.99000000000000000E+02  -0.82092790829016726E+00  -0.10950000000000000E+01   0.50000000000000001E-02   0.00000000000000000E+00   0.00000000000000000E+00   0.54814418341966544E+02
NPE4        23   0.25000000000000000E+03  -0.99000000000000000E+02  -0.80100634998947706E+00  -0.12949999999999999E+01   0.60000000000000001E-02   0.00000000000000000E+00   0.00000000000000000E+00   0.82332275001753814E+02
NPE4        23   0.30000000000000000E+03  -0.99000000000000000E+02  -0.67440004051839686E+00  -0.14440000000000000E+01   0.70000000000000001E-02   0.00000000000000000E+00   0.00000000000000000E+00   0.10994285135451473E+03
NPE4        23   0.35000000000000000E+03  -0.99000000000000000E+02  -0.49177102618561064E+00  -0.15710000000000000E+01   0.10000000000000000E-01   0.00000000000000000E+00   0.00000000000000000E+00   0.10792289738143891E+03
NP3H4       24   0.10000000000000000E+01  -0.99000000000000000E+02   0.16124409692026106E-08   0.00000000000000000E+00   0.50000000000000001E-03   0.00000000000000000E+00   0.00000000000000000E+00   0.32248819384052211E-05
NP3H4       24   0.50000000000000000E+01  -0.99000000000000000E+02   0.52399100327640021E-05   0.00000000000000000E+00   0.50000000000000001E-03   0.00000000000000000E+00   0.00000000000000000E+00   0.10479820065528004E-01
NP3H4       24   0.10000000000000000E+02  -0.99000000000000000E+02   0.10772457174880150E-03   0.00000000000000000E+00   0.50000000000000001E-03   0.00000000000000000E+00   0.00000000000000000E+00   0.21544914349760300E+00
NP3H4       24   0.25000000000000000E+02  -0.99000000000000000E+02   0.29678529679584916E-02   0.30000000000000001E-02   0.50000000000000001E-03   0.00000000000000000E+00   0.00000000000000000E+00  -0.64294064083016994E-01
NP3H4       24   0.50000000000000000E+02  -0.99000000000000000E+02   0.20752858407283022E-01   0.21000000000000001E-01   0.50000000000000001E-03   0.00000000000000000E+00   0.00000000000000000E+00  -0.49428318543395799E+00
NP3H4       24   0.10000000000000000E+03  -0.99000000000000000E+02   0.92619665398665507E-01   0.92999999999999999E-01   0.50000000000000001E-03   0.00000000000000000E+00   0.00000000000000000E+00  -0.76066920266898430E+00
NP3H4       24   0.15000000000000000E+03  -0.99000000000000000E+02   0.18145362974268969E+00   0.19400000000000001E+00   0.20000000000000000E-02   0.00000000000000000E+00   0.00000000000000000E+00  -0.62731851286551565E+01
NP3H4       24   0.20000000000000000E+03  -0.99000000000000000E+02   0.25848865276525917E+00   0.30900000000000000E+00   0.60000000000000001E-02   0.00000000000000000E+00   0.00000000000000000E+00  -0.84185578724568035E+01
NP3H4       24   0.25000000000000000E+03  -0.99000000000000000E+02   0.30166915842302289E+00   0.42299999999999999E+00   0.12000000000000000E-01   0.00000000000000000E+00   0.00000000000000000E+00  -0.10110903464748091E+02
NP3H4       24   0.30000000000000000E+03  -0.99000000000000000E+02   0.29882356843127966E+00   0.51800000000000002E+00   0.19000000000000000E-01   0.00000000000000000E+00   0.00000000000000000E+00  -0.11535601661511597E+02
NP3H4       24   0.35000000000000000E+03  -0.99000000000000000E+02   0.25292973291887982E+00   0.57799999999999996E+00   0.25999999999999999E-01   0.00000000000000000E+00   0.00000000000000000E+00  -0.12502702580043083E+02
NP1P1       25   0.10000000000000000E+01  -0.99000000000000000E+02  -0.18753716897163142E+00  -0.18600000000000000E+00   0.50000000000000001E-03   0.00000000000000000E+00   0.00000000000000000E+00  -0.30743379432628393E+01
NP1P1       25   0.50000000000000000E+01  -0.99000000000000000E+02  -0.14795368622327043E+01  -0.14940000000000000E+01   0.40000000000000001E-02   0.00000000000000000E+00   0.00000000000000000E+00   0.36157844418239216E+01
NP1P1       25   0.10000000000000000E+02  -0.99000000000000000E+02  -0.30008325672269640E+01  -0.30619999999999998E+01   0.10000000000000000E-01   0.00000000000000000E+00   0.00000000000000000E+00   0.61167432773035824E+01
NP1P1       25   0.25000000000000000E+02  -0.99000000000000000E+02  -0.60310510068677647E+01  -0.63570000000000002E+01   0.33000000000000002E-01   0.00000000000000000E+00   0.00000000000000000E+00   0.98772422161283462E+01
NP1P1       25   0.50000000000000000E+02  -0.99000000000000000E+02  -0.86052925378484382E+01  -0.96630000000000003E+01   0.69000000000000006E-01   0.00000000000000000E+00   0.00000000000000000E+00   0.15329093654370464E+02
NP1P1       25   0.10000000000000000E+03  -0.99000000000000000E+02  -0.11327665075664942E+02  -0.14207000000000001E+02   0.10600000000000000E+00   0.00000000000000000E+00   0.00000000000000000E+00   0.27163537022028851E+02
NP1P1       25   0.15000000000000000E+03  -0.99000000000000000E+02  -0.13565645440352398E+02  -0.17977000000000000E+02   0.11899999999999999E+00   0.00000000000000000E+00   0.00000000000000000E+00   0.37070206383593295E+02
NP1P1       25   0.20000000000000000E+03  -0.99000000000000000E+02  -0.15660145976652164E+02  -0.21234999999999999E+02   0.14399999999999999E+00   0.00000000000000000E+00   0.00000000000000000E+00   0.38714264051026639E+02
NP1P1       25   0.25000000000000000E+03  -0.99000000000000000E+02  -0.17086450189921418E+02  -0.24030000000000001E+02   0.18500000000000000E+00   0.00000000000000000E+00   0.00000000000000000E+00   0.37532701676100451E+02
NP1P1       25   0.30000000000000000E+03  -0.99000000000000000E+02  -0.17046672410529773E+02  -0.26417999999999999E+02   0.22600000000000001E+00   0.00000000000000000E+00   0.00000000000000000E+00   0.41466051280841711E+02
NP1P1       25   0.35000000000000000E+03  -0.99000000000000000E+02  -0.14934027602686012E+02  -0.28417999999999999E+02   0.26100000000000001E+00   0.00000000000000000E+00   0.00000000000000000E+00   0.51662729491624468E+02
NP1F3       26   0.10000000000000000E+01  -0.99000000000000000E+02  -0.76863468473757697E-04   0.00000000000000000E+00   0.50000000000000001E-03   0.00000000000000000E+00   0.00000000000000000E+00  -0.15372693694751538E+00
NP1F3       26   0.50000000000000000E+01  -0.99000000000000000E+02  -0.11202485755780327E-01  -0.10000000000000000E-01   0.50000000000000001E-03   0.00000000000000000E+00   0.00000000000000000E+00  -0.24049715115606536E+01
NP1F3       26   0.10000000000000000E+02  -0.99000000000000000E+02  -0.66567703216103252E-01  -0.64000000000000001E-01   0.50000000000000001E-03   0.00000000000000000E+00   0.00000000000000000E+00  -0.51354064322065014E+01
NP1F3       26   0.25000000000000000E+02  -0.99000000000000000E+02  -0.42202575803062103E+00  -0.42099999999999999E+00   0.50000000000000001E-03   0.00000000000000000E+00   0.00000000000000000E+00  -0.20515160612420980E+01
NP1F3       26   0.50000000000000000E+02  -0.99000000000000000E+02  -0.11318950165422101E+01  -0.11419999999999999E+01   0.30000000000000001E-02   0.00000000000000000E+00   0.00000000000000000E+00   0.33683278192632540E+01
NP1F3       26   0.10000000000000000E+03  -0.99000000000000000E+02  -0.21636942128416656E+01  -0.23039999999999998E+01   0.21999999999999999E-01   0.00000000000000000E+00   0.00000000000000000E+00   0.63775357799242816E+01
NP1F3       26   0.15000000000000000E+03  -0.99000000000000000E+02  -0.26419519541614447E+01  -0.31779999999999999E+01   0.55000000000000000E-01   0.00000000000000000E+00   0.00000000000000000E+00   0.97463281061555502E+01
NP1F3       26   0.20000000000000000E+03  -0.99000000000000000E+02  -0.26698781020396707E+01  -0.39529999999999998E+01   0.85999999999999993E-01   0.00000000000000000E+00   0.00000000000000000E+00   0.14920022069306155E+02
NP1F3       26   0.25000000000000000E+03  -0.99000000000000000E+02  -0.23478670702804507E+01  -0.46719999999999997E+01   0.10199999999999999E+00   0.00000000000000000E+00   0.00000000000000000E+00   0.22785616958034794E+02
NP1F3       26   0.30000000000000000E+03  -0.99000000000000000E+02  -0.18089273327184443E+01  -0.52830000000000004E+01   0.10400000000000000E+00   0.00000000000000000E+00   0.00000000000000000E+00   0.33404544877707266E+02
NP1F3       26   0.35000000000000000E+03  -0.99000000000000000E+02  -0.12131756723508897E+01  -0.57039999999999997E+01   0.12500000000000000E+00   0.00000000000000000E+00   0.00000000000000000E+00   0.35926594621192876E+02
NP3D2       27   0.10000000000000000E+01  -0.99000000000000000E+02   0.60348757425523515E-02   0.60000000000000001E-02   0.50000000000000001E-03   0.00000000000000000E+00   0.00000000000000000E+00   0.69751485104702776E-01
NP3D2       27   0.50000000000000000E+01  -0.99000000000000000E+02   0.22410571773825735E+00   0.21900000000000000E+00   0.50000000000000001E-03   0.00000000000000000E+00   0.00000000000000000E+00   0.10211435476514707E+02
NP3D2       27   0.10000000000000000E+02  -0.99000000000000000E+02   0.85442255716787607E+00   0.84699999999999998E+00   0.10000000000000000E-02   0.00000000000000000E+00   0.00000000000000000E+00   0.74225571678760982E+01
NP3D2       27   0.25000000000000000E+02  -0.99000000000000000E+02   0.37506480554368786E+01   0.37290000000000001E+01   0.80000000000000002E-02   0.00000000000000000E+00   0.00000000000000000E+00   0.27060069296098166E+01
NP3D2       27   0.50000000000000000E+02  -0.99000000000000000E+02   0.91117700917263846E+01   0.90570000000000004E+01   0.27000000000000000E-01   0.00000000000000000E+00   0.00000000000000000E+00   0.20285219157920094E+01
NP3D2       27   0.10000000000000000E+03  -0.99000000000000000E+02   0.17542065630238092E+02   0.17387000000000000E+02   0.49000000000000002E-01   0.00000000000000000E+00   0.00000000000000000E+00   0.31646046987365613E+01
NP3D2       27   0.15000000000000000E+03  -0.99000000000000000E+02   0.21610412055215033E+02   0.21962000000000000E+02   0.66000000000000003E-01   0.00000000000000000E+00   0.00000000000000000E+00  -0.53270900724994998E+01
NP3D2       27   0.20000000000000000E+03  -0.99000000000000000E+02   0.21851906915823783E+02   0.24016999999999999E+02   0.85000000000000006E-01   0.00000000000000000E+00   0.00000000000000000E+00  -0.25471683343249609E+02
NP3D2       27   0.25000000000000000E+03  -0.99000000000000000E+02   0.19455251872635465E+02   0.24846000000000000E+02   0.96000000000000002E-01   0.00000000000000000E+00   0.00000000000000000E+00  -0.56153626326713905E+02
NP3D2       27   0.30000000000000000E+03  -0.99000000000000000E+02   0.15583358968066458E+02   0.25324000000000002E+02   0.11400000000000000E+00   0.00000000000000000E+00   0.00000000000000000E+00  -0.85444219578364411E+02
NP3D2       27   0.35000000000000000E+03  -0.99000000000000000E+02   0.11225808962972348E+02   0.25949999999999999E+02   0.18900000000000000E+00   0.00000000000000000E+00   0.00000000000000000E+00  -0.77905772682685992E+02
NP3G4       28   0.10000000000000000E+01  -0.99000000000000000E+02   0.20375601490750462E-05   0.00000000000000000E+00   0.50000000000000001E-03   0.00000000000000000E+00   0.00000000000000000E+00   0.40751202981500921E-02
NP3G4       28   0.50000000000000000E+01  -0.99000000000000000E+02   0.13080520923648249E-02   0.10000000000000000E-02   0.50000000000000001E-03   0.00000000000000000E+00   0.00000000000000000E+00   0.61610418472964967E+00
NP3G4       28   0.10000000000000000E+02  -0.99000000000000000E+02   0.13762242243794144E-01   0.12000000000000000E-01   0.50000000000000001E-03   0.00000000000000000E+00   0.00000000000000000E+00   0.35244844875882868E+01
NP3G4       28   0.25000000000000000E+02  -0.99000000000000000E+02   0.17065982000345070E+00   0.17000000000000001E+00   0.50000000000000001E-03   0.00000000000000000E+00   0.00000000000000000E+00   0.13196400069013792E+01
NP3G4       28   0.50000000000000000E+02  -0.99000000000000000E+02   0.71851711306971533E+00   0.72699999999999998E+00   0.10000000000000000E-02   0.00000000000000000E+00   0.00000000000000000E+00  -0.84828869302846499E+01
NP3G4       28   0.10000000000000000E+03  -0.99000000000000000E+02   0.20949623551798435E+01   0.22480000000000002E+01   0.10000000000000000E-01   0.00000000000000000E+00   0.00000000000000000E+00  -0.15303764482015669E+02
NP3G4       28   0.15000000000000000E+03  -0.99000000000000000E+02   0.32618031958785276E+01   0.38919999999999999E+01   0.33000000000000002E-01   0.00000000000000000E+00   0.00000000000000000E+00  -0.19096872852165827E+02
NP3G4       28   0.20000000000000000E+03  -0.99000000000000000E+02   0.39258919186759127E+01   0.54840000000000000E+01   0.57000000000000002E-01   0.00000000000000000E+00   0.00000000000000000E+00  -0.27335229496913811E+02
NP3G4       28   0.25000000000000000E+03  -0.99000000000000000E+02   0.39815015905849647E+01   0.68849999999999998E+01   0.70000000000000007E-01   0.00000000000000000E+00   0.00000000000000000E+00  -0.41478548705929072E+02
NP3G4       28   0.30000000000000000E+03  -0.99000000000000000E+02   0.34917452331908727E+01   0.79859999999999998E+01   0.78000000000000000E-01   0.00000000000000000E+00   0.00000000000000000E+00  -0.57618650856527267E+02
NP3G4       28   0.35000000000000000E+03  -0.99000000000000000E+02   0.26599847729071917E+01   0.87289999999999992E+01   0.10400000000000000E+00   0.00000000000000000E+00   0.00000000000000000E+00  -0.58355915645123147E+02
NP3S1       29   0.10000000000000000E+01  -0.99000000000000000E+02  -0.32382334803908101E+02  -0.32353000000000002E+02   0.10000000000000000E-01   0.00000000000000000E+00   0.00000000000000000E+00  -0.29334803908099616E+01
NP3S1       29   0.50000000000000000E+01  -0.99000000000000000E+02  -0.62098388251311661E+02  -0.62045999999999999E+02   0.21999999999999999E-01   0.00000000000000000E+00   0.00000000000000000E+00  -0.23812841505300821E+01
NP3S1       29   0.10000000000000000E+02  -0.99000000000000000E+02  -0.77799867649326117E+02  -0.77707999999999998E+02   0.31000000000000000E-01   0.00000000000000000E+00   0.00000000000000000E+00  -0.29634725589070579E+01
NP3S1       29   0.25000000000000000E+02  -0.99000000000000000E+02   0.79792656927191643E+02   0.80135999999999996E+02   0.43999999999999997E-01   0.00000000000000000E+00   0.00000000000000000E+00  -0.78032516547352779E+01
NP3S1       29   0.50000000000000000E+02  -0.99000000000000000E+02   0.61059532105614863E+02   0.62159999999999997E+02   0.52999999999999999E-01   0.00000000000000000E+00   0.00000000000000000E+00  -0.20763545177077983E+02
NP3S1       29   0.10000000000000000E+03  -0.99000000000000000E+02   0.39238020810926287E+02   0.42712000000000003E+02   0.52999999999999999E-01   0.00000000000000000E+00   0.00000000000000000E+00  -0.65546777152334272E+02
NP3S1       29   0.15000000000000000E+03  -0.99000000000000000E+02   0.24000624709536012E+02   0.30391999999999999E+02   0.58000000000000003E-01   0.00000000000000000E+00   0.00000000000000000E+00  -0.11019612569765495E+03
NP3S1       29   0.20000000000000000E+03  -0.99000000000000000E+02   0.11742211370197957E+02   0.20936000000000000E+02   0.71999999999999995E-01   0.00000000000000000E+00   0.00000000000000000E+00  -0.12769150874725061E+03
NP3S1       29   0.25000000000000000E+03  -0.99000000000000000E+02   0.15894009786163059E+01   0.12945000000000000E+02   0.86999999999999994E-01   0.00000000000000000E+00   0.00000000000000000E+00  -0.13052412668257122E+03
NP3S1       29   0.30000000000000000E+03  -0.99000000000000000E+02  -0.65764248132423484E+01   0.58369999999999997E+01   0.98000000000000004E-01   0.00000000000000000E+00   0.00000000000000000E+00  -0.12666760013512599E+03
NP3S1       29   0.35000000000000000E+03  -0.99000000000000000E+02  -0.12092268653007920E+02  -0.64400000000000002E+00   0.10500000000000000E+00   0.00000000000000000E+00   0.00000000000000000E+00  -0.10903113002864687E+03
NPE1        30   0.10000000000000000E+01  -0.99000000000000000E+02  -0.10370677240025838E+00  -0.10400000000000000E+00   0.10000000000000000E-02   0.00000000000000000E+00   0.00000000000000000E+00   0.29322759974161061E+00
NPE1        30   0.50000000000000000E+01  -0.99000000000000000E+02  -0.65504796637302021E+00  -0.65700000000000003E+00   0.40000000000000001E-02   0.00000000000000000E+00   0.00000000000000000E+00   0.48800840674495527E+00
NPE1        30   0.10000000000000000E+02  -0.99000000000000000E+02  -0.11126654468767803E+01  -0.11250000000000000E+01   0.89999999999999993E-02   0.00000000000000000E+00   0.00000000000000000E+00   0.13705059025799711E+01
NPE1        30   0.25000000000000000E+02  -0.99000000000000000E+02   0.16133186332770784E+01   0.17340000000000000E+01   0.20000000000000000E-01   0.00000000000000000E+00   0.00000000000000000E+00  -0.60340683361460812E+01
NPE1        30   0.50000000000000000E+02  -0.99000000000000000E+02   0.15821459009765595E+01   0.20569999999999999E+01   0.36999999999999998E-01   0.00000000000000000E+00   0.00000000000000000E+00  -0.12833894568201094E+02
NPE1        30   0.10000000000000000E+03  -0.99000000000000000E+02   0.65430413031446333E+00   0.24729999999999999E+01   0.68000000000000005E-01   0.00000000000000000E+00   0.00000000000000000E+00  -0.26745527495375534E+02
NPE1        30   0.15000000000000000E+03  -0.99000000000000000E+02  -0.11471301237804616E+01   0.29380000000000002E+01   0.95000000000000001E-01   0.00000000000000000E+00   0.00000000000000000E+00  -0.43001369724004860E+02
NPE1        30   0.20000000000000000E+03  -0.99000000000000000E+02  -0.39041685811280349E+01   0.34480000000000000E+01   0.11200000000000000E+00   0.00000000000000000E+00   0.00000000000000000E+00  -0.65644362331500318E+02
NPE1        30   0.25000000000000000E+03  -0.99000000000000000E+02  -0.73432505772725953E+01   0.40359999999999996E+01   0.11100000000000000E+00   0.00000000000000000E+00   0.00000000000000000E+00  -0.10251577096641978E+03
NPE1        30   0.30000000000000000E+03  -0.99000000000000000E+02  -0.10522882276373073E+02   0.47530000000000001E+01   0.11300000000000000E+00   0.00000000000000000E+00   0.00000000000000000E+00  -0.13518479890595640E+03
NPE1        30   0.35000000000000000E+03  -0.99000000000000000E+02  -0.12138859080985089E+02   0.56100000000000003E+01   0.16900000000000001E+00   0.00000000000000000E+00   0.00000000000000000E+00  -0.10502283479872833E+03
NP3D1       31   0.10000000000000000E+01  -0.99000000000000000E+02  -0.52023599831773062E-02  -0.50000000000000001E-02   0.50000000000000001E-03   0.00000000000000000E+00   0.00000000000000000E+00  -0.40471996635461222E+00
NP3D1       31   0.50000000000000000E+01  -0.99000000000000000E+02  -0.18458113883008834E+00  -0.17999999999999999E+00   0.50000000000000001E-03   0.00000000000000000E+00   0.00000000000000000E+00  -0.91622776601766880E+01
NP3D1       31   0.10000000000000000E+02  -0.99000000000000000E+02  -0.68220323417883277E+00  -0.67100000000000004E+00   0.20000000000000000E-02   0.00000000000000000E+00   0.00000000000000000E+00  -0.56016170894163659E+01
NP3D1       31   0.25000000000000000E+02  -0.99000000000000000E+02  -0.28296119755832021E+01  -0.27879999999999998E+01   0.89999999999999993E-02   0.00000000000000000E+00   0.00000000000000000E+00  -0.46235528425780323E+01
NP3D1       31   0.50000000000000000E+02  -0.99000000000000000E+02  -0.65199243821895339E+01  -0.64230000000000000E+01   0.25999999999999999E-01   0.00000000000000000E+00   0.00000000000000000E+00  -0.37278608534436084E+01
NP3D1       31   0.10000000000000000E+03  -0.99000000000000000E+02  -0.12266436198933148E+02  -0.12198000000000000E+02   0.48000000000000001E-01   0.00000000000000000E+00   0.00000000000000000E+00  -0.14257541444405719E+01
NP3D1       31   0.15000000000000000E+03  -0.99000000000000000E+02  -0.15714835808300494E+02  -0.16407000000000000E+02   0.58000000000000003E-01   0.00000000000000000E+00   0.00000000000000000E+00   0.11933865374129415E+02
NP3D1       31   0.20000000000000000E+03  -0.99000000000000000E+02  -0.16762629934259646E+02  -0.19681999999999999E+02   0.70999999999999994E-01   0.00000000000000000E+00   0.00000000000000000E+00   0.41117888249864123E+02
NP3D1       31   0.25000000000000000E+03  -0.99000000000000000E+02  -0.15414379444548633E+02  -0.22324000000000002E+02   0.80000000000000002E-01   0.00000000000000000E+00   0.00000000000000000E+00   0.86370256943142110E+02
NP3D1       31   0.30000000000000000E+03  -0.99000000000000000E+02  -0.12364221442712790E+02  -0.24369000000000000E+02   0.10800000000000000E+00   0.00000000000000000E+00   0.00000000000000000E+00   0.11115535701191861E+03
NP3D1       31   0.35000000000000000E+03  -0.99000000000000000E+02  -0.89153716625369714E+01  -0.25699000000000002E+02   0.19100000000000000E+00   0.00000000000000000E+00   0.00000000000000000E+00   0.87872399672581295E+02
NP3D3       32   0.10000000000000000E+01  -0.99000000000000000E+02   0.58904686640042585E-04   0.00000000000000000E+00   0.50000000000000001E-03   0.00000000000000000E+00   0.00000000000000000E+00   0.11780937328008517E+00
NP3D3       32   0.50000000000000000E+01  -0.99000000000000000E+02   0.14480491411492371E-03   0.20000000000000000E-02   0.50000000000000001E-03   0.00000000000000000E+00   0.00000000000000000E+00  -0.37103901717701526E+01
NP3D3       32   0.10000000000000000E+02  -0.99000000000000000E+02  -0.52823686919445025E-02   0.50000000000000001E-02   0.50000000000000001E-03   0.00000000000000000E+00   0.00000000000000000E+00  -0.20564737383889003E+02
NP3D3       32   0.25000000000000000E+02  -0.99000000000000000E+02  -0.48729415252428833E-01   0.42999999999999997E-01   0.10000000000000000E-02   0.00000000000000000E+00   0.00000000000000000E+00  -0.91729415252428836E+02
NP3D3       32   0.50000000000000000E+02  -0.99000000000000000E+02  -0.10364321916830248E+00   0.31500000000000000E+00   0.40000000000000001E-02   0.00000000000000000E+00   0.00000000000000000E+00  -0.10466080479207562E+03
NP3D3       32   0.10000000000000000E+03  -0.99000000000000000E+02  -0.93419276746476584E-01   0.14440000000000000E+01   0.16000000000000000E-01   0.00000000000000000E+00   0.00000000000000000E+00  -0.96088704796654781E+02
NP3D3       32   0.15000000000000000E+03  -0.99000000000000000E+02  -0.76475594877014719E-01   0.26429999999999998E+01   0.33000000000000002E-01   0.00000000000000000E+00   0.00000000000000000E+00  -0.82408351359909517E+02
NP3D3       32   0.20000000000000000E+03  -0.99000000000000000E+02  -0.10143811820536618E+00   0.34849999999999999E+01   0.50999999999999997E-01   0.00000000000000000E+00   0.00000000000000000E+00  -0.70322316043242481E+02
NP3D3       32   0.25000000000000000E+03  -0.99000000000000000E+02  -0.12949534921266148E+00   0.39310000000000000E+01   0.70999999999999994E-01   0.00000000000000000E+00   0.00000000000000000E+00  -0.57190075341023409E+02
NP3D3       32   0.30000000000000000E+03  -0.99000000000000000E+02  -0.11719467960668049E+00   0.40990000000000002E+01   0.95000000000000001E-01   0.00000000000000000E+00   0.00000000000000000E+00  -0.44380996627438748E+02
NP3D3       32   0.35000000000000000E+03  -0.99000000000000000E+02  -0.62639429781127409E-01   0.41210000000000004E+01   0.12100000000000000E+00   0.00000000000000000E+00   0.00000000000000000E+00  -0.34575532477529983E+02
NPE3        33   0.10000000000000000E+01  -0.99000000000000000E+02   0.89466254423883180E-04   0.00000000000000000E+00   0.50000000000000001E-03   0.00000000000000000E+00   0.00000000000000000E+00   0.17893250884776635E+00
NPE3        33   0.50000000000000000E+01  -0.99000000000000000E+02   0.13379571747016228E-01   0.12000000000000000E-01   0.50000000000000001E-03   0.00000000000000000E+00   0.00000000000000000E+00   0.27591434940324557E+01
NPE3        33   0.10000000000000000E+02  -0.99000000000000000E+02   0.81760404472189005E-01   0.80000000000000002E-01   0.50000000000000001E-03   0.00000000000000000E+00   0.00000000000000000E+00   0.35208089443780066E+01
NPE3        33   0.25000000000000000E+02  -0.99000000000000000E+02   0.55399874137601279E+00   0.55300000000000005E+00   0.50000000000000001E-03   0.00000000000000000E+00   0.00000000000000000E+00   0.19974827520254923E+01
NPE3        33   0.50000000000000000E+02  -0.99000000000000000E+02   0.16107089959830680E+01   0.16150000000000000E+01   0.30000000000000001E-02   0.00000000000000000E+00   0.00000000000000000E+00  -0.14303346723106476E+01
NPE3        33   0.10000000000000000E+03  -0.99000000000000000E+02   0.34657496803976122E+01   0.34980000000000002E+01   0.16000000000000000E-01   0.00000000000000000E+00   0.00000000000000000E+00  -0.20156449751492498E+01
NPE3        33   0.15000000000000000E+03  -0.99000000000000000E+02   0.46781393259713715E+01   0.48250000000000002E+01   0.28000000000000001E-01   0.00000000000000000E+00   0.00000000000000000E+00  -0.52450240724510238E+01
NPE3        33   0.20000000000000000E+03  -0.99000000000000000E+02   0.52117043831586214E+01   0.57489999999999997E+01   0.34000000000000002E-01   0.00000000000000000E+00   0.00000000000000000E+00  -0.15802812260040536E+02
NPE3        33   0.25000000000000000E+03  -0.99000000000000000E+02   0.50596285633704152E+01   0.64269999999999996E+01   0.42999999999999997E-01   0.00000000000000000E+00   0.00000000000000000E+00  -0.31799335735571731E+02
NPE3        33   0.30000000000000000E+03  -0.99000000000000000E+02   0.43070170064481488E+01   0.69379999999999997E+01   0.52999999999999999E-01   0.00000000000000000E+00   0.00000000000000000E+00  -0.49641188557582097E+02
NPE3        33   0.35000000000000000E+03  -0.99000000000000000E+02   0.31860034945753704E+01   0.72939999999999996E+01   0.64000000000000001E-01   0.00000000000000000E+00   0.00000000000000000E+00  -0.64187445397259836E+02
NP3G3       34   0.10000000000000000E+01  -0.99000000000000000E+02  -0.52616597301876872E-06   0.00000000000000000E+00   0.50000000000000001E-03   0.00000000000000000E+00   0.00000000000000000E+00  -0.10523319460375375E-02
NP3G3       34   0.50000000000000000E+01  -0.99000000000000000E+02  -0.35249901989211442E-03   0.00000000000000000E+00   0.50000000000000001E-03   0.00000000000000000E+00   0.00000000000000000E+00  -0.70499803978422881E+00
NP3G3       34   0.10000000000000000E+02  -0.99000000000000000E+02  -0.38690729948367350E-02  -0.30000000000000001E-02   0.50000000000000001E-03   0.00000000000000000E+00   0.00000000000000000E+00  -0.17381459896734699E+01
NP3G3       34   0.25000000000000000E+02  -0.99000000000000000E+02  -0.53556161736884253E-01  -0.52999999999999999E-01   0.50000000000000001E-03   0.00000000000000000E+00   0.00000000000000000E+00  -0.11123234737685088E+01
NP3G3       34   0.50000000000000000E+02  -0.99000000000000000E+02  -0.26182612504223851E+00  -0.26500000000000001E+00   0.10000000000000000E-02   0.00000000000000000E+00   0.00000000000000000E+00   0.31738749577615022E+01
NP3G3       34   0.10000000000000000E+03  -0.99000000000000000E+02  -0.93861366900508580E+00  -0.99600000000000000E+00   0.89999999999999993E-02   0.00000000000000000E+00   0.00000000000000000E+00   0.63762589994349108E+01
NP3G3       34   0.15000000000000000E+03  -0.99000000000000000E+02  -0.16837054819854449E+01  -0.19190000000000000E+01   0.29999999999999999E-01   0.00000000000000000E+00   0.00000000000000000E+00   0.78431506004851714E+01
NP3G3       34   0.20000000000000000E+03  -0.99000000000000000E+02  -0.22582045711707321E+01  -0.28790000000000000E+01   0.52999999999999999E-01   0.00000000000000000E+00   0.00000000000000000E+00   0.11713121298665431E+02
NP3G3       34   0.25000000000000000E+03  -0.99000000000000000E+02  -0.24843130301288312E+01  -0.37989999999999999E+01   0.69000000000000006E-01   0.00000000000000000E+00   0.00000000000000000E+00   0.19053434345958966E+02
NP3G3       34   0.30000000000000000E+03  -0.99000000000000000E+02  -0.22908363148179669E+01  -0.46689999999999996E+01   0.84000000000000005E-01   0.00000000000000000E+00   0.00000000000000000E+00   0.28311472442643243E+02
NP3G3       34   0.35000000000000000E+03  -0.99000000000000000E+02  -0.17698253709371670E+01  -0.55170000000000003E+01   0.11799999999999999E+00   0.00000000000000000E+00   0.00000000000000000E+00   0.31755717195447740E+02
H2E     100001  -0.99000000000000000E+02  -0.99000000000000000E+02   0.00000000000000000E+00   0.00000000000000000E+00   0.10000000000000000E+01   0.00000000000000000E+00   0.00000000000000000E+00   0.00000000000000000E+00
H2E     100002  -0.99000000000000000E+02  -0.99000000000000000E+02   0.00000000000000000E+00   0.00000000000000000E+00   0.10000000000000000E+01   0.00000000000000000E+00   0.00000000000000000E+00   0.00000000000000000E+00
H2E     100003  -0.99000000000000000E+02  -0.99000000000000000E+02   0.00000000000000000E+00   0.00000000000000000E+00   0.10000000000000000E+01   0.00000000000000000E+00   0.00000000000000000E+00   0.00000000000000000E+00
H2E     100004  -0.99000000000000000E+02  -0.99000000000000000E+02   0.00000000000000000E+00   0.00000000000000000E+00   0.10000000000000000E+01   0.00000000000000000E+00   0.00000000000000000E+00   0.00000000000000000E+00
H2E     100005  -0.99000000000000000E+02  -0.99000000000000000E+02   0.00000000000000000E+00   0.00000000000000000E+00   0.10000000000000000E+01   0.00000000000000000E+00   0.00000000000000000E+00   0.00000000000000000E+00
H2E     100006  -0.99000000000000000E+02  -0.99000000000000000E+02   0.00000000000000000E+00   0.00000000000000000E+00   0.10000000000000000E+01   0.00000000000000000E+00   0.00000000000000000E+00   0.00000000000000000E+00
H2E     100007  -0.99000000000000000E+02  -0.99000000000000000E+02   0.00000000000000000E+00   0.00000000000000000E+00   0.10000000000000000E+01   0.00000000000000000E+00   0.00000000000000000E+00   0.00000000000000000E+00
H2E     100008  -0.99000000000000000E+02  -0.99000000000000000E+02   0.00000000000000000E+00   0.00000000000000000E+00   0.10000000000000000E+01   0.00000000000000000E+00   0.00000000000000000E+00   0.00000000000000000E+00
H2E     100009  -0.99000000000000000E+02  -0.99000000000000000E+02   0.00000000000000000E+00   0.00000000000000000E+00   0.10000000000000000E+01   0.00000000000000000E+00   0.00000000000000000E+00   0.00000000000000000E+00
H2E     100010  -0.99000000000000000E+02  -0.99000000000000000E+02   0.00000000000000000E+00   0.00000000000000000E+00   0.10000000000000000E+01   0.00000000000000000E+00   0.00000000000000000E+00   0.00000000000000000E+00
H2E     100011  -0.99000000000000000E+02  -0.99000000000000000E+02   0.00000000000000000E+00   0.00000000000000000E+00   0.10000000000000000E+01   0.00000000000000000E+00   0.00000000000000000E+00   0.00000000000000000E+00
H2E     100012  -0.99000000000000000E+02  -0.99000000000000000E+02   0.00000000000000000E+00   0.00000000000000000E+00   0.10000000000000000E+01   0.00000000000000000E+00   0.00000000000000000E+00   0.00000000000000000E+00
H2E     100013  -0.99000000000000000E+02  -0.99000000000000000E+02   0.00000000000000000E+00   0.00000000000000000E+00   0.10000000000000000E+01   0.00000000000000000E+00   0.00000000000000000E+00   0.00000000000000000E+00
H2E     100014  -0.99000000000000000E+02  -0.99000000000000000E+02   0.00000000000000000E+00   0.00000000000000000E+00   0.10000000000000000E+01   0.00000000000000000E+00   0.00000000000000000E+00   0.00000000000000000E+00
H2E     100015  -0.99000000000000000E+02  -0.99000000000000000E+02   0.00000000000000000E+00   0.00000000000000000E+00   0.10000000000000000E+01   0.00000000000000000E+00   0.00000000000000000E+00   0.00000000000000000E+00
H2E     100016  -0.99000000000000000E+02  -0.99000000000000000E+02   0.00000000000000000E+00   0.00000000000000000E+00   0.10000000000000000E+01   0.00000000000000000E+00   0.00000000000000000E+00   0.00000000000000000E+00
H2E     100017  -0.99000000000000000E+02  -0.99000000000000000E+02   0.00000000000000000E+00   0.00000000000000000E+00   0.10000000000000000E+01   0.00000000000000000E+00   0.00000000000000000E+00   0.00000000000000000E+00
H2E     100018  -0.99000000000000000E+02  -0.99000000000000000E+02   0.00000000000000000E+00   0.00000000000000000E+00   0.10000000000000000E+01   0.00000000000000000E+00   0.00000000000000000E+00   0.00000000000000000E+00
H2E     100019  -0.99000000000000000E+02  -0.99000000000000000E+02   0.00000000000000000E+00   0.00000000000000000E+00   0.10000000000000000E+01   0.00000000000000000E+00   0.00000000000000000E+00   0.00000000000000000E+00
H2E     100020  -0.99000000000000000E+02  -0.99000000000000000E+02   0.00000000000000000E+00   0.00000000000000000E+00   0.10000000000000000E+01   0.00000000000000000E+00   0.00000000000000000E+00   0.00000000000000000E+00
H2E     100021  -0.99000000000000000E+02  -0.99000000000000000E+02   0.00000000000000000E+00   0.00000000000000000E+00   0.10000000000000000E+01   0.00000000000000000E+00   0.00000000000000000E+00   0.00000000000000000E+00
H2E     100022  -0.99000000000000000E+02  -0.99000000000000000E+02   0.00000000000000000E+00   0.00000000000000000E+00   0.10000000000000000E+01   0.00000000000000000E+00   0.00000000000000000E+00   0.00000000000000000E+00
H2E     100023  -0.99000000000000000E+02  -0.99000000000000000E+02   0.00000000000000000E+00   0.00000000000000000E+00   0.10000000000000000E+01   0.00000000000000000E+00   0.00000000000000000E+00   0.00000000000000000E+00
H2E     100024  -0.99000000000000000E+02  -0.99000000000000000E+02   0.00000000000000000E+00   0.00000000000000000E+00   0.10000000000000000E+01   0.00000000000000000E+00   0.00000000000000000E+00   0.00000000000000000E+00
H2E     100025  -0.99000000000000000E+02  -0.99000000000000000E+02  -0.22150322929047839E+01  -0.22245750000000002E+01   0.22245750000000002E+01   0.00000000000000000E+00   0.00000000000000000E+00   0.42896764978552389E-02
H2R     100025  -0.99000000000000000E+02  -0.99000000000000000E+02   0.19764430312194001E+01   0.19753499999999999E+01   0.19753499999999999E+01   0.00000000000000000E+00   0.00000000000000000E+00   0.55333546935995483E-03
H2Q     100025  -0.99000000000000000E+02  -0.99000000000000000E+02   0.26308706489513850E+00   0.27000000000000002E+00   0.27000000000000002E+00   0.00000000000000000E+00   0.00000000000000000E+00  -0.25603463351338951E-01
H2E     100026  -0.99000000000000000E+02  -0.99000000000000000E+02   0.00000000000000000E+00   0.00000000000000000E+00   0.10000000000000000E+01   0.00000000000000000E+00   0.00000000000000000E+00   0.00000000000000000E+00
H2E     100027  -0.99000000000000000E+02  -0.99000000000000000E+02   0.00000000000000000E+00   0.00000000000000000E+00   0.10000000000000000E+01   0.00000000000000000E+00   0.00000000000000000E+00   0.00000000000000000E+00
H2E     100028  -0.99000000000000000E+02  -0.99000000000000000E+02   0.00000000000000000E+00   0.00000000000000000E+00   0.10000000000000000E+01   0.00000000000000000E+00   0.00000000000000000E+00   0.00000000000000000E+00
H2E     100029  -0.99000000000000000E+02  -0.99000000000000000E+02   0.00000000000000000E+00   0.00000000000000000E+00   0.10000000000000000E+01   0.00000000000000000E+00   0.00000000000000000E+00   0.00000000000000000E+00
H2E     100030  -0.99000000000000000E+02  -0.99000000000000000E+02   0.00000000000000000E+00   0.00000000000000000E+00   0.10000000000000000E+01   0.00000000000000000E+00   0.00000000000000000E+00   0.00000000000000000E+00
H2E     100031  -0.99000000000000000E+02  -0.99000000000000000E+02   0.00000000000000000E+00   0.00000000000000000E+00   0.10000000000000000E+01   0.00000000000000000E+00   0.00000000000000000E+00   0.00000000000000000E+00
H2E     100032  -0.99000000000000000E+02  -0.99000000000000000E+02   0.00000000000000000E+00   0.00000000000000000E+00   0.10000000000000000E+01   0.00000000000000000E+00   0.00000000000000000E+00   0.00000000000000000E+00
H2E     100033  -0.99000000000000000E+02  -0.99000000000000000E+02   0.00000000000000000E+00   0.00000000000000000E+00   0.10000000000000000E+01   0.00000000000000000E+00   0.00000000000000000E+00   0.00000000000000000E+00
H2E     100034  -0.99000000000000000E+02  -0.99000000000000000E+02   0.00000000000000000E+00   0.00000000000000000E+00   0.10000000000000000E+01   0.00000000000000000E+00   0.00000000000000000E+00   0.00000000000000000E+00
H2E     100035  -0.99000000000000000E+02  -0.99000000000000000E+02   0.00000000000000000E+00   0.00000000000000000E+00   0.10000000000000000E+01   0.00000000000000000E+00   0.00000000000000000E+00   0.00000000000000000E+00
H2E     100036  -0.99000000000000000E+02  -0.99000000000000000E+02   0.00000000000000000E+00   0.00000000000000000E+00   0.10000000000000000E+01   0.00000000000000000E+00   0.00000000000000000E+00   0.00000000000000000E+00
H2E     100037  -0.99000000000000000E+02  -0.99000000000000000E+02   0.00000000000000000E+00   0.00000000000000000E+00   0.10000000000000000E+01   0.00000000000000000E+00   0.00000000000000000E+00   0.00000000000000000E+00
H2E     100038  -0.99000000000000000E+02  -0.99000000000000000E+02   0.00000000000000000E+00   0.00000000000000000E+00   0.10000000000000000E+01   0.00000000000000000E+00   0.00000000000000000E+00   0.00000000000000000E+00
H2E     100039  -0.99000000000000000E+02  -0.99000000000000000E+02   0.00000000000000000E+00   0.00000000000000000E+00   0.10000000000000000E+01   0.00000000000000000E+00   0.00000000000000000E+00   0.00000000000000000E+00
H2E     100040  -0.99000000000000000E+02  -0.99000000000000000E+02   0.00000000000000000E+00   0.00000000000000000E+00   0.10000000000000000E+01   0.00000000000000000E+00   0.00000000000000000E+00   0.00000000000000000E+00
H2E     100041  -0.99000000000000000E+02  -0.99000000000000000E+02   0.00000000000000000E+00   0.00000000000000000E+00   0.10000000000000000E+01   0.00000000000000000E+00   0.00000000000000000E+00   0.00000000000000000E+00
H2E     100042  -0.99000000000000000E+02  -0.99000000000000000E+02   0.00000000000000000E+00   0.00000000000000000E+00   0.10000000000000000E+01   0.00000000000000000E+00   0.00000000000000000E+00   0.00000000000000000E+00
H2E     100043  -0.99000000000000000E+02  -0.99000000000000000E+02   0.00000000000000000E+00   0.00000000000000000E+00   0.10000000000000000E+01   0.00000000000000000E+00   0.00000000000000000E+00   0.00000000000000000E+00
H2E     100044  -0.99000000000000000E+02  -0.99000000000000000E+02   0.00000000000000000E+00   0.00000000000000000E+00   0.10000000000000000E+01   0.00000000000000000E+00   0.00000000000000000E+00   0.00000000000000000E+00
H2E     100045  -0.99000000000000000E+02  -0.99000000000000000E+02   0.00000000000000000E+00   0.00000000000000000E+00   0.10000000000000000E+01   0.00000000000000000E+00   0.00000000000000000E+00   0.00000000000000000E+00
H2E     100046  -0.99000000000000000E+02  -0.99000000000000000E+02   0.00000000000000000E+00   0.00000000000000000E+00   0.10000000000000000E+01   0.00000000000000000E+00   0.00000000000000000E+00   0.00000000000000000E+00
H2E     100047  -0.99000000000000000E+02  -0.99000000000000000E+02   0.00000000000000000E+00   0.00000000000000000E+00   0.10000000000000000E+01   0.00000000000000000E+00   0.00000000000000000E+00   0.00000000000000000E+00
H2E     100048  -0.99000000000000000E+02  -0.99000000000000000E+02   0.00000000000000000E+00   0.00000000000000000E+00   0.10000000000000000E+01   0.00000000000000000E+00   0.00000000000000000E+00   0.00000000000000000E+00
H2E     100049  -0.99000000000000000E+02  -0.99000000000000000E+02   0.00000000000000000E+00   0.00000000000000000E+00   0.10000000000000000E+01   0.00000000000000000E+00   0.00000000000000000E+00   0.00000000000000000E+00
H2E     100050  -0.99000000000000000E+02  -0.99000000000000000E+02   0.00000000000000000E+00   0.00000000000000000E+00   0.10000000000000000E+01   0.00000000000000000E+00   0.00000000000000000E+00   0.00000000000000000E+00
H2E     100051  -0.99000000000000000E+02  -0.99000000000000000E+02   0.00000000000000000E+00   0.00000000000000000E+00   0.10000000000000000E+01   0.00000000000000000E+00   0.00000000000000000E+00   0.00000000000000000E+00
H2E     100052  -0.99000000000000000E+02  -0.99000000000000000E+02   0.00000000000000000E+00   0.00000000000000000E+00   0.10000000000000000E+01   0.00000000000000000E+00   0.00000000000000000E+00   0.00000000000000000E+00
H3E     300000  -0.99000000000000000E+02  -0.99000000000000000E+02  -0.84857027001205587E+01  -0.84800000000000004E+01   0.50880000000000002E-01   0.00000000000000000E+00   0.00000000000000000E+00  -0.11208137029399155E+00
H3R     300000  -0.99000000000000000E+02  -0.99000000000000000E+02   0.15912249361757873E+01   0.15870000000000000E+01   0.95219999999999992E-02   0.00000000000000000E+00   0.00000000000000000E+00   0.44370260195204181E+00
He3E    300000  -0.99000000000000000E+02  -0.99000000000000000E+02  -0.77273281379212628E+01  -0.77180000000000000E+01   0.46307999999999995E-01   0.00000000000000000E+00   0.00000000000000000E+00  -0.20143685586211582E+00
He3R    300000  -0.99000000000000000E+02  -0.99000000000000000E+02   0.17731009276686711E+01   0.17700000000000000E+01   0.10620000000000001E-01   0.00000000000000000E+00   0.00000000000000000E+00   0.29198942266206157E+00
He4E    300000  -0.99000000000000000E+02  -0.99000000000000000E+02  -0.28301563538037861E+02  -0.28300000000000001E+02   0.16980000000000001E+00   0.00000000000000000E+00   0.00000000000000000E+00  -0.92081156528885030E-02
He4R    300000  -0.99000000000000000E+02  -0.99000000000000000E+02   0.14605623469467133E+01   0.14550000000000001E+01   0.87299999999999999E-02   0.00000000000000000E+00   0.00000000000000000E+00   0.63715314395340250E+00
a_pp    300002   0.00000000000000000E+00  -0.99000000000000000E+02  -0.78018473749307349E+01  -0.78196000000000003E+01   0.78196000000000006E-03   0.00000000000000000E+00   0.00000000000000000E+00   0.22702727849590065E+02
r_pp    300002   0.00000000000000000E+00  -0.99000000000000000E+02   0.28530095044023569E+01   0.27900000000000000E+01   0.69750000000000003E-02   0.00000000000000000E+00   0.00000000000000000E+00   0.90336207028468625E+01
a_np    300002   0.00000000000000000E+00  -0.99000000000000000E+02  -0.23665923847526493E+02  -0.23739999999999998E+02   0.23739999999999998E-02   0.00000000000000000E+00   0.00000000000000000E+00   0.31203097082352837E+02
r_np    300002   0.00000000000000000E+00  -0.99000000000000000E+02   0.27802076058531919E+01   0.27700000000000000E+01   0.27700000000000003E-02   0.00000000000000000E+00   0.00000000000000000E+00   0.36850562646902212E+01
a_nn    300002   0.00000000000000000E+00  -0.99000000000000000E+02  -0.18597397029223384E+02  -0.18949999999999999E+02   0.28424999999999995E+00   0.00000000000000000E+00   0.00000000000000000E+00   0.12404677951683929E+01
r_nn    300002   0.00000000000000000E+00  -0.99000000000000000E+02   0.29025861836657247E+01   0.27500000000000000E+01   0.13750000000000000E-01   0.00000000000000000E+00   0.00000000000000000E+00   0.11097176993870891E+02
