PP1S0        1   0.10000000000000000E+01  -0.99000000000000000E+02   0.33319964801509229E+02   0.32651000000000003E+02   0.30000000000000001E-02   0.00000000000000000E+00   0.00000000000000000E+00   0.22298826716974199E+03
PP1S0        1   0.50000000000000000E+01  -0.99000000000000000E+02   0.54950464378060524E+02   0.54841000000000001E+02   0.60000000000000001E-02   0.00000000000000000E+00   0.00000000000000000E+00   0.18244063010087075E+02
PP1S0        1   0.10000000000000000E+02  -0.99000000000000000E+02   0.54952275460952769E+02   0.55256000000000000E+02   0.10000000000000000E-01   0.00000000000000000E+00   0.00000000000000000E+00  -0.30372453904723073E+02
PP1S0        1   0.25000000000000000E+02  -0.99000000000000000E+02   0.47894480120049167E+02   0.48789000000000001E+02   0.12999999999999999E-01   0.00000000000000000E+00   0.00000000000000000E+00  -0.68809221534679594E+02
PP1S0        1   0.50000000000000000E+02  -0.99000000000000000E+02   0.37893110176209589E+02   0.39185000000000002E+02   0.17000000000000001E-01   0.00000000000000000E+00   0.00000000000000000E+00  -0.75993519046494882E+02
PP1S0        1   0.10000000000000000E+03  -0.99000000000000000E+02   0.24508070386633964E+02   0.25443999999999999E+02   0.33000000000000002E-01   0.00000000000000000E+00   0.00000000000000000E+00  -0.28361503435334395E+02
PP1S0        1   0.15000000000000000E+03  -0.99000000000000000E+02   0.16208744435257731E+02   0.15254000000000000E+02   0.45999999999999999E-01   0.00000000000000000E+00   0.00000000000000000E+00   0.20755313809950692E+02
PP1S0        1   0.20000000000000000E+03  -0.99000000000000000E+02   0.11398117223233672E+02   0.70410000000000004E+01   0.57000000000000002E-01   0.00000000000000000E+00   0.00000000000000000E+00   0.76440653039187225E+02
PP1S0        1   0.25000000000000000E+03  -0.99000000000000000E+02   0.86010806771655393E+01   0.31800000000000000E+00   0.73999999999999996E-01   0.00000000000000000E+00   0.00000000000000000E+00   0.11193352266439919E+03
PP1S0        1   0.30000000000000000E+03  -0.99000000000000000E+02   0.58629776218762650E+01  -0.50979999999999999E+01   0.10000000000000001E+00   0.00000000000000000E+00   0.00000000000000000E+00   0.10960977621876263E+03
PP1S0        1   0.35000000000000000E+03  -0.99000000000000000E+02   0.28000207791608767E+01  -0.93420000000000005E+01   0.13400000000000001E+00   0.00000000000000000E+00   0.00000000000000000E+00   0.90612095366872211E+02
PP1D2        2   0.10000000000000000E+01  -0.99000000000000000E+02   0.97653180755161021E-03   0.10000000000000000E-02   0.50000000000000001E-03   0.00000000000000000E+00   0.00000000000000000E+00  -0.46936384896779620E-01
PP1D2        2   0.50000000000000000E+01  -0.99000000000000000E+02   0.44830186323575466E-01   0.42000000000000003E-01   0.50000000000000001E-03   0.00000000000000000E+00   0.00000000000000000E+00   0.56603726471509264E+01
PP1D2        2   0.10000000000000000E+02  -0.99000000000000000E+02   0.17206496239085953E+00   0.16400000000000001E+00   0.50000000000000001E-03   0.00000000000000000E+00   0.00000000000000000E+00   0.16129924781719041E+02
PP1D2        2   0.25000000000000000E+02  -0.99000000000000000E+02   0.74503480720260318E+00   0.69399999999999995E+00   0.10000000000000000E-02   0.00000000000000000E+00   0.00000000000000000E+00   0.51034807202603226E+02
PP1D2        2   0.50000000000000000E+02  -0.99000000000000000E+02   0.19267630548767831E+01   0.17090000000000001E+01   0.40000000000000001E-02   0.00000000000000000E+00   0.00000000000000000E+00   0.54440763719195758E+02
PP1D2        2   0.10000000000000000E+03  -0.99000000000000000E+02   0.46791630617610656E+01   0.37810000000000001E+01   0.80000000000000002E-02   0.00000000000000000E+00   0.00000000000000000E+00   0.11227038272013317E+03
PP1D2        2   0.15000000000000000E+03  -0.99000000000000000E+02   0.71141571649653610E+01   0.56180000000000003E+01   0.14000000000000000E-01   0.00000000000000000E+00   0.00000000000000000E+00   0.10686836892609719E+03
PP1D2        2   0.20000000000000000E+03  -0.99000000000000000E+02   0.79945263739708246E+01   0.71920000000000002E+01   0.21000000000000001E-01   0.00000000000000000E+00   0.00000000000000000E+00   0.38215541617658303E+02
PP1D2        2   0.25000000000000000E+03  -0.99000000000000000E+02   0.67047822444057612E+01   0.85380000000000003E+01   0.24000000000000000E-01   0.00000000000000000E+00   0.00000000000000000E+00  -0.76384073149759956E+02
PP1D2        2   0.30000000000000000E+03  -0.99000000000000000E+02   0.39928435761611878E+01   0.95770000000000000E+01   0.31000000000000000E-01   0.00000000000000000E+00   0.00000000000000000E+00  -0.18013407818834878E+03
PP1D2        2   0.35000000000000000E+03  -0.99000000000000000E+02   0.15139796650385262E+01   0.10183000000000000E+02   0.51999999999999998E-01   0.00000000000000000E+00   0.00000000000000000E+00  -0.16671192951848988E+03
PP1G4        3   0.10000000000000000E+01  -0.99000000000000000E+02   0.41990338549939664E-06   0.00000000000000000E+00   0.50000000000000001E-03   0.00000000000000000E+00   0.00000000000000000E+00   0.83980677099879325E-03
PP1G4        3   0.50000000000000000E+01  -0.99000000000000000E+02   0.33299046425319244E-03   0.00000000000000000E+00   0.50000000000000001E-03   0.00000000000000000E+00   0.00000000000000000E+00   0.66598092850638491E+00
PP1G4        3   0.10000000000000000E+02  -0.99000000000000000E+02   0.35048684223142213E-02   0.30000000000000001E-02   0.50000000000000001E-03   0.00000000000000000E+00   0.00000000000000000E+00   0.10097368446284425E+01
PP1G4        3   0.25000000000000000E+02  -0.99000000000000000E+02   0.40384383098491683E-01   0.40000000000000001E-01   0.50000000000000001E-03   0.00000000000000000E+00   0.00000000000000000E+00   0.76876619698336424E+00
PP1G4        3   0.50000000000000000E+02  -0.99000000000000000E+02   0.15529139673529058E+00   0.15200000000000000E+00   0.50000000000000001E-03   0.00000000000000000E+00   0.00000000000000000E+00   0.65827934705811604E+01
PP1G4        3   0.10000000000000000E+03  -0.99000000000000000E+02   0.42434528717282133E+00   0.41799999999999998E+00   0.20000000000000000E-02   0.00000000000000000E+00   0.00000000000000000E+00   0.31726435864106728E+01
PP1G4        3   0.15000000000000000E+03  -0.99000000000000000E+02   0.66524606491663341E+00   0.70299999999999996E+00   0.60000000000000001E-02   0.00000000000000000E+00   0.00000000000000000E+00  -0.62923225138944252E+01
PP1G4        3   0.20000000000000000E+03  -0.99000000000000000E+02   0.79469548582372629E+00   0.10060000000000000E+01   0.12000000000000000E-01   0.00000000000000000E+00   0.00000000000000000E+00  -0.17608709514689476E+02
PP1G4        3   0.25000000000000000E+03  -0.99000000000000000E+02   0.71903205659358249E+00   0.13069999999999999E+01   0.17000000000000001E-01   0.00000000000000000E+00   0.00000000000000000E+00  -0.34586349612142200E+02
PP1G4        3   0.30000000000000000E+03  -0.99000000000000000E+02   0.45471816730367587E+00   0.15860000000000001E+01   0.19000000000000000E-01   0.00000000000000000E+00   0.00000000000000000E+00  -0.59541149089280232E+02
PP1G4        3   0.35000000000000000E+03  -0.99000000000000000E+02   0.17811283773024544E+00   0.18420000000000001E+01   0.25999999999999999E-01   0.00000000000000000E+00   0.00000000000000000E+00  -0.63995660087298255E+02
PP3P0        4   0.10000000000000000E+01  -0.99000000000000000E+02   0.14073695982141335E+00   0.13300000000000001E+00   0.50000000000000001E-03   0.00000000000000000E+00   0.00000000000000000E+00   0.15473919642826683E+02
PP3P0        4   0.50000000000000000E+01  -0.99000000000000000E+02   0.16700886306029232E+01   0.15820000000000001E+01   0.30000000000000001E-02   0.00000000000000000E+00   0.00000000000000000E+00   0.29362876867641052E+02
PP3P0        4   0.10000000000000000E+02  -0.99000000000000000E+02   0.39626895972160785E+01   0.37370000000000001E+01   0.80000000000000002E-02   0.00000000000000000E+00   0.00000000000000000E+00   0.28211199652009800E+02
PP3P0        4   0.25000000000000000E+02  -0.99000000000000000E+02   0.91341170053670684E+01   0.86069999999999993E+01   0.20000000000000000E-01   0.00000000000000000E+00   0.00000000000000000E+00   0.26355850268353453E+02
PP3P0        4   0.50000000000000000E+02  -0.99000000000000000E+02   0.11697702427234736E+02   0.11523999999999999E+02   0.32000000000000001E-01   0.00000000000000000E+00   0.00000000000000000E+00   0.54282008510855295E+01
PP3P0        4   0.10000000000000000E+03  -0.99000000000000000E+02   0.62872192846291677E+01   0.94969999999999999E+01   0.56000000000000001E-01   0.00000000000000000E+00   0.00000000000000000E+00  -0.57317512774479148E+02
PP3P0        4   0.15000000000000000E+03  -0.99000000000000000E+02  -0.43380544436733333E+01   0.48159999999999998E+01   0.66000000000000003E-01   0.00000000000000000E+00   0.00000000000000000E+00  -0.13869779460111110E+03
PP3P0        4   0.20000000000000000E+03  -0.99000000000000000E+02  -0.16651685717388755E+02  -0.22700000000000001E+00   0.62000000000000000E-01   0.00000000000000000E+00   0.00000000000000000E+00  -0.26491428576433475E+03
PP3P0        4   0.25000000000000000E+03  -0.99000000000000000E+02  -0.27245797597189924E+02  -0.51210000000000004E+01   0.63000000000000000E-01   0.00000000000000000E+00   0.00000000000000000E+00  -0.35118726344745915E+03
PP3P0        4   0.30000000000000000E+03  -0.99000000000000000E+02  -0.29072218768283591E+02  -0.96630000000000003E+01   0.88999999999999996E-01   0.00000000000000000E+00   0.00000000000000000E+00  -0.21808110975599541E+03
PP3P0        4   0.35000000000000000E+03  -0.99000000000000000E+02  -0.15735074767042057E+02  -0.13677000000000000E+02   0.14099999999999999E+00   0.00000000000000000E+00   0.00000000000000000E+00  -0.14596274943560696E+02
PP3P1        5   0.10000000000000000E+01  -0.99000000000000000E+02  -0.78460683397624478E-01  -0.80000000000000002E-01   0.50000000000000001E-03   0.00000000000000000E+00   0.00000000000000000E+00   0.30786332047510467E+01
PP3P1        5   0.50000000000000000E+01  -0.99000000000000000E+02  -0.86179278463750331E+00  -0.89200000000000002E+00   0.10000000000000000E-02   0.00000000000000000E+00   0.00000000000000000E+00   0.30207215362496708E+02
PP3P1        5   0.10000000000000000E+02  -0.99000000000000000E+02  -0.19509680288672804E+01  -0.20369999999999999E+01   0.20000000000000000E-02   0.00000000000000000E+00   0.00000000000000000E+00   0.43015985566359767E+02
PP3P1        5   0.25000000000000000E+02  -0.99000000000000000E+02  -0.46230908691636738E+01  -0.48620000000000001E+01   0.60000000000000001E-02   0.00000000000000000E+00   0.00000000000000000E+00   0.39818188472721040E+02
PP3P1        5   0.50000000000000000E+02  -0.99000000000000000E+02  -0.80074723149905775E+01  -0.82080000000000002E+01   0.12000000000000000E-01   0.00000000000000000E+00   0.00000000000000000E+00   0.16710640417451888E+02
PP3P1        5   0.10000000000000000E+03  -0.99000000000000000E+02  -0.14904219325248944E+02  -0.13259000000000000E+02   0.19000000000000000E-01   0.00000000000000000E+00   0.00000000000000000E+00  -0.86590490802575971E+02
PP3P1        5   0.15000000000000000E+03  -0.99000000000000000E+02  -0.23762727222692458E+02  -0.17620000000000001E+02   0.25000000000000001E-01   0.00000000000000000E+00   0.00000000000000000E+00  -0.24570908890769829E+03
PP3P1        5   0.20000000000000000E+03  -0.99000000000000000E+02  -0.34099286288282308E+02  -0.21506000000000000E+02   0.35999999999999997E-01   0.00000000000000000E+00   0.00000000000000000E+00  -0.34981350800784190E+03
PP3P1        5   0.25000000000000000E+03  -0.99000000000000000E+02  -0.42939999291555090E+02  -0.24902999999999999E+02   0.50999999999999997E-01   0.00000000000000000E+00   0.00000000000000000E+00  -0.35366665277559002E+03
PP3P1        5   0.30000000000000000E+03  -0.99000000000000000E+02  -0.41842257200160255E+02  -0.27811000000000000E+02   0.64000000000000001E-01   0.00000000000000000E+00   0.00000000000000000E+00  -0.21923839375250398E+03
PP3P1        5   0.35000000000000000E+03  -0.99000000000000000E+02  -0.20708439199435038E+02  -0.30221000000000000E+02   0.75999999999999998E-01   0.00000000000000000E+00   0.00000000000000000E+00   0.12516527369164424E+03
PP3F3        6   0.10000000000000000E+01  -0.99000000000000000E+02  -0.25786949535176988E-04   0.00000000000000000E+00   0.50000000000000001E-03   0.00000000000000000E+00   0.00000000000000000E+00  -0.51573899070353972E-01
PP3F3        6   0.50000000000000000E+01  -0.99000000000000000E+02  -0.50304256234472346E-02  -0.40000000000000001E-02   0.50000000000000001E-03   0.00000000000000000E+00   0.00000000000000000E+00  -0.20608512468944689E+01
PP3F3        6   0.10000000000000000E+02  -0.99000000000000000E+02  -0.32489521307215066E-01  -0.31000000000000000E-01   0.50000000000000001E-03   0.00000000000000000E+00   0.00000000000000000E+00  -0.29790426144301327E+01
PP3F3        6   0.25000000000000000E+02  -0.99000000000000000E+02  -0.22980645497206259E+00  -0.23000000000000001E+00   0.50000000000000001E-03   0.00000000000000000E+00   0.00000000000000000E+00   0.38709005587483913E+00
PP3F3        6   0.50000000000000000E+02  -0.99000000000000000E+02  -0.67540992585186621E+00  -0.68200000000000005E+00   0.20000000000000000E-02   0.00000000000000000E+00   0.00000000000000000E+00   0.32950370740669199E+01
PP3F3        6   0.10000000000000000E+03  -0.99000000000000000E+02  -0.13993519384312307E+01  -0.14730000000000001E+01   0.89999999999999993E-02   0.00000000000000000E+00   0.00000000000000000E+00   0.81831179520854835E+01
PP3F3        6   0.15000000000000000E+03  -0.99000000000000000E+02  -0.17082439463638643E+01  -0.20609999999999999E+01   0.19000000000000000E-01   0.00000000000000000E+00   0.00000000000000000E+00   0.18566108086112401E+02
PP3F3        6   0.20000000000000000E+03  -0.99000000000000000E+02  -0.15593867285014484E+01  -0.25049999999999999E+01   0.33000000000000002E-01   0.00000000000000000E+00   0.00000000000000000E+00   0.28654947621168226E+02
PP3F3        6   0.25000000000000000E+03  -0.99000000000000000E+02  -0.10482118701449603E+01  -0.27180000000000000E+01   0.45999999999999999E-01   0.00000000000000000E+00   0.00000000000000000E+00   0.36299741953370429E+02
PP3F3        6   0.30000000000000000E+03  -0.99000000000000000E+02  -0.47366412856923379E+00  -0.25470000000000002E+01   0.53999999999999999E-01   0.00000000000000000E+00   0.00000000000000000E+00   0.38395108730199375E+02
PP3F3        6   0.35000000000000000E+03  -0.99000000000000000E+02  -0.12583164910986072E+00  -0.19219999999999999E+01   0.68000000000000005E-01   0.00000000000000000E+00   0.00000000000000000E+00   0.26414240454266750E+02
PP3P2        7   0.10000000000000000E+01  -0.99000000000000000E+02   0.19020849652919270E-01   0.14000000000000000E-01   0.50000000000000001E-03   0.00000000000000000E+00   0.00000000000000000E+00   0.10041699305838540E+02
PP3P2        7   0.50000000000000000E+01  -0.99000000000000000E+02   0.29263588604303609E+00   0.21299999999999999E+00   0.10000000000000000E-02   0.00000000000000000E+00   0.00000000000000000E+00   0.79635886043036095E+02
PP3P2        7   0.10000000000000000E+02  -0.99000000000000000E+02   0.88201541759728475E+00   0.64800000000000002E+00   0.20000000000000000E-02   0.00000000000000000E+00   0.00000000000000000E+00   0.11700770879864235E+03
PP3P2        7   0.25000000000000000E+02  -0.99000000000000000E+02   0.33870899152403431E+01   0.24889999999999999E+01   0.50000000000000001E-02   0.00000000000000000E+00   0.00000000000000000E+00   0.17961798304806862E+03
PP3P2        7   0.50000000000000000E+02  -0.99000000000000000E+02   0.80312088330764198E+01   0.58540000000000001E+01   0.89999999999999993E-02   0.00000000000000000E+00   0.00000000000000000E+00   0.24191209256404665E+03
PP3P2        7   0.10000000000000000E+03  -0.99000000000000000E+02   0.14562590303666003E+02   0.10980000000000000E+02   0.17999999999999999E-01   0.00000000000000000E+00   0.00000000000000000E+00   0.19903279464811126E+03
PP3P2        7   0.15000000000000000E+03  -0.99000000000000000E+02   0.16190920424970521E+02   0.14007999999999999E+02   0.19000000000000000E-01   0.00000000000000000E+00   0.00000000000000000E+00   0.11489054868265906E+03
PP3P2        7   0.20000000000000000E+03  -0.99000000000000000E+02   0.13908271151385843E+02   0.15784000000000001E+02   0.25000000000000001E-01   0.00000000000000000E+00   0.00000000000000000E+00  -0.75029153944566289E+02
PP3P2        7   0.25000000000000000E+03  -0.99000000000000000E+02   0.93519631751893115E+01   0.16715000000000000E+02   0.32000000000000001E-01   0.00000000000000000E+00   0.00000000000000000E+00  -0.23009490077533400E+03
PP3P2        7   0.30000000000000000E+03  -0.99000000000000000E+02   0.45741767044599584E+01   0.16951000000000001E+02   0.33000000000000002E-01   0.00000000000000000E+00   0.00000000000000000E+00  -0.37505525138000127E+03
PP3P2        7   0.35000000000000000E+03  -0.99000000000000000E+02   0.14126946900901842E+01   0.16600000000000001E+02   0.29999999999999999E-01   0.00000000000000000E+00   0.00000000000000000E+00  -0.50624351033032724E+03
PPE2         8   0.10000000000000000E+01  -0.99000000000000000E+02  -0.11422148602366158E-02  -0.10000000000000000E-02   0.50000000000000001E-03   0.00000000000000000E+00   0.00000000000000000E+00  -0.28442972047323151E+00
PPE2         8   0.50000000000000000E+01  -0.99000000000000000E+02  -0.52898485031182302E-01  -0.51999999999999998E-01   0.50000000000000001E-03   0.00000000000000000E+00   0.00000000000000000E+00  -0.17969700623646083E+01
PPE2         8   0.10000000000000000E+02  -0.99000000000000000E+02  -0.20213125086546718E+00  -0.20100000000000001E+00   0.50000000000000001E-03   0.00000000000000000E+00   0.00000000000000000E+00  -0.22625017309343409E+01
PPE2         8   0.25000000000000000E+02  -0.99000000000000000E+02  -0.81370910327288859E+00  -0.81100000000000005E+00   0.10000000000000000E-02   0.00000000000000000E+00   0.00000000000000000E+00  -0.27091032728885356E+01
PPE2         8   0.50000000000000000E+02  -0.99000000000000000E+02  -0.16935961939111384E+01  -0.17080000000000000E+01   0.40000000000000001E-02   0.00000000000000000E+00   0.00000000000000000E+00   0.36009515222154009E+01
PPE2         8   0.10000000000000000E+03  -0.99000000000000000E+02  -0.24890392737840270E+01  -0.26429999999999998E+01   0.80000000000000002E-02   0.00000000000000000E+00   0.00000000000000000E+00   0.19245090776996598E+02
PPE2         8   0.15000000000000000E+03  -0.99000000000000000E+02  -0.24481765005734570E+01  -0.29129999999999998E+01   0.12000000000000000E-01   0.00000000000000000E+00   0.00000000000000000E+00   0.38735291618878563E+02
PPE2         8   0.20000000000000000E+03  -0.99000000000000000E+02  -0.19731083241157437E+01  -0.29009999999999998E+01   0.16000000000000000E-01   0.00000000000000000E+00   0.00000000000000000E+00   0.57993229742766005E+02
PPE2         8   0.25000000000000000E+03  -0.99000000000000000E+02  -0.13019808259105798E+01  -0.27029999999999998E+01   0.21999999999999999E-01   0.00000000000000000E+00   0.00000000000000000E+00   0.63682689731337277E+02
PPE2         8   0.30000000000000000E+03  -0.99000000000000000E+02  -0.65292448055675234E+00  -0.23119999999999998E+01   0.29999999999999999E-01   0.00000000000000000E+00   0.00000000000000000E+00   0.55302517314774924E+02
PPE2         8   0.35000000000000000E+03  -0.99000000000000000E+02  -0.21724054157494690E+00  -0.17300000000000000E+01   0.39000000000000000E-01   0.00000000000000000E+00   0.00000000000000000E+00   0.38788704062180848E+02
PP3F2        9   0.10000000000000000E+01  -0.99000000000000000E+02   0.95147232731709344E-05   0.00000000000000000E+00   0.50000000000000001E-03   0.00000000000000000E+00   0.00000000000000000E+00   0.19029446546341870E-01
PP3F2        9   0.50000000000000000E+01  -0.99000000000000000E+02   0.19959549358618774E-02   0.20000000000000000E-02   0.50000000000000001E-03   0.00000000000000000E+00   0.00000000000000000E+00  -0.80901282762451884E-02
PP3F2        9   0.10000000000000000E+02  -0.99000000000000000E+02   0.13691095609553422E-01   0.12999999999999999E-01   0.50000000000000001E-03   0.00000000000000000E+00   0.00000000000000000E+00   0.13821912191068451E+01
PP3F2        9   0.25000000000000000E+02  -0.99000000000000000E+02   0.10802030760163751E+00   0.10500000000000000E+00   0.50000000000000001E-03   0.00000000000000000E+00   0.00000000000000000E+00   0.60406152032750349E+01
PP3F2        9   0.50000000000000000E+02  -0.99000000000000000E+02   0.35850021278228467E+00   0.34100000000000003E+00   0.10000000000000000E-02   0.00000000000000000E+00   0.00000000000000000E+00   0.17500212782284642E+02
PP3F2        9   0.10000000000000000E+03  -0.99000000000000000E+02   0.94622365902369554E+00   0.83199999999999996E+00   0.80000000000000002E-02   0.00000000000000000E+00   0.00000000000000000E+00   0.14277957377961947E+02
PP3F2        9   0.15000000000000000E+03  -0.99000000000000000E+02   0.15157396657015072E+01   0.11919999999999999E+01   0.17000000000000001E-01   0.00000000000000000E+00   0.00000000000000000E+00   0.19043509747147485E+02
PP3F2        9   0.20000000000000000E+03  -0.99000000000000000E+02   0.18359711706548525E+01   0.13270000000000000E+01   0.21999999999999999E-01   0.00000000000000000E+00   0.00000000000000000E+00   0.23135053211584207E+02
PP3F2        9   0.25000000000000000E+03  -0.99000000000000000E+02   0.16601729293826151E+01   0.12230000000000001E+01   0.27000000000000000E-01   0.00000000000000000E+00   0.00000000000000000E+00   0.16191589977133887E+02
PP3F2        9   0.30000000000000000E+03  -0.99000000000000000E+02   0.10415111821898135E+01   0.92100000000000004E+00   0.39000000000000000E-01   0.00000000000000000E+00   0.00000000000000000E+00   0.30900303125593203E+01
PP3F2        9   0.35000000000000000E+03  -0.99000000000000000E+02   0.40403834437278474E+00   0.46100000000000002E+00   0.55000000000000000E-01   0.00000000000000000E+00   0.00000000000000000E+00  -0.10356664659493686E+01
PP3F4       10   0.10000000000000000E+01  -0.99000000000000000E+02   0.19986887797139790E-06   0.00000000000000000E+00   0.50000000000000001E-03   0.00000000000000000E+00   0.00000000000000000E+00   0.39973775594279577E-03
PP3F4       10   0.50000000000000000E+01  -0.99000000000000000E+02   0.12243054413645747E-03   0.00000000000000000E+00   0.50000000000000001E-03   0.00000000000000000E+00   0.00000000000000000E+00   0.24486108827291495E+00
PP3F4       10   0.10000000000000000E+02  -0.99000000000000000E+02   0.13764938216712637E-02   0.10000000000000000E-02   0.50000000000000001E-03   0.00000000000000000E+00   0.00000000000000000E+00   0.75298764334252732E+00
PP3F4       10   0.25000000000000000E+02  -0.99000000000000000E+02   0.20603914180395269E-01   0.19000000000000000E-01   0.50000000000000001E-03   0.00000000000000000E+00   0.00000000000000000E+00   0.32078283607905389E+01
PP3F4       10   0.50000000000000000E+02  -0.99000000000000000E+02   0.11014090109044533E+00   0.10199999999999999E+00   0.10000000000000000E-02   0.00000000000000000E+00   0.00000000000000000E+00   0.81409010904453378E+01
PP3F4       10   0.10000000000000000E+03  -0.99000000000000000E+02   0.44752454583698537E+00   0.46100000000000002E+00   0.50000000000000001E-02   0.00000000000000000E+00   0.00000000000000000E+00  -0.26950908326029310E+01
PP3F4       10   0.15000000000000000E+03  -0.99000000000000000E+02   0.86611116924432818E+00   0.10129999999999999E+01   0.89999999999999993E-02   0.00000000000000000E+00   0.00000000000000000E+00  -0.16320981195074637E+02
PP3F4       10   0.20000000000000000E+03  -0.99000000000000000E+02   0.11581375825106097E+01   0.16339999999999999E+01   0.16000000000000000E-01   0.00000000000000000E+00   0.00000000000000000E+00  -0.29741401093086886E+02
PP3F4       10   0.25000000000000000E+03  -0.99000000000000000E+02   0.11121481636301649E+01   0.22000000000000002E+01   0.21999999999999999E-01   0.00000000000000000E+00   0.00000000000000000E+00  -0.49447810744083426E+02
PP3F4       10   0.30000000000000000E+03  -0.99000000000000000E+02   0.72626663666984559E+00   0.26440000000000001E+01   0.27000000000000000E-01   0.00000000000000000E+00   0.00000000000000000E+00  -0.71027161604820535E+02
PP3F4       10   0.35000000000000000E+03  -0.99000000000000000E+02   0.28980302444872352E+00   0.29700000000000002E+01   0.42000000000000003E-01   0.00000000000000000E+00   0.00000000000000000E+00  -0.63814213703601823E+02
PPE4        11   0.10000000000000000E+01  -0.99000000000000000E+02  -0.47146141767531546E-06   0.00000000000000000E+00   0.50000000000000001E-03   0.00000000000000000E+00   0.00000000000000000E+00  -0.94292283535063091E-03
PPE4        11   0.50000000000000000E+01  -0.99000000000000000E+02  -0.38086432269853637E-03   0.00000000000000000E+00   0.50000000000000001E-03   0.00000000000000000E+00   0.00000000000000000E+00  -0.76172864539707275E+00
PPE4        11   0.10000000000000000E+02  -0.99000000000000000E+02  -0.40868564572549759E-02  -0.40000000000000001E-02   0.50000000000000001E-03   0.00000000000000000E+00   0.00000000000000000E+00  -0.17371291450995160E+00
PPE4        11   0.25000000000000000E+02  -0.99000000000000000E+02  -0.49108717348239121E-01  -0.49000000000000002E-01   0.50000000000000001E-03   0.00000000000000000E+00   0.00000000000000000E+00  -0.21743469647823865E+00
PPE4        11   0.50000000000000000E+02  -0.99000000000000000E+02  -0.19528451545134823E+00  -0.19700000000000001E+00   0.50000000000000001E-03   0.00000000000000000E+00   0.00000000000000000E+00   0.34309690973035600E+01
PPE4        11   0.10000000000000000E+03  -0.99000000000000000E+02  -0.52616450988974184E+00  -0.55400000000000005E+00   0.10000000000000000E-02   0.00000000000000000E+00   0.00000000000000000E+00   0.27835490110258210E+02
PPE4        11   0.15000000000000000E+03  -0.99000000000000000E+02  -0.76269637461107764E+00  -0.87700000000000000E+00   0.30000000000000001E-02   0.00000000000000000E+00   0.00000000000000000E+00   0.38101208462974121E+02
PPE4        11   0.20000000000000000E+03  -0.99000000000000000E+02  -0.81479278147685696E+00  -0.11290000000000000E+01   0.50000000000000001E-02   0.00000000000000000E+00   0.00000000000000000E+00   0.62841443704628610E+02
PPE4        11   0.25000000000000000E+03  -0.99000000000000000E+02  -0.65051088872193508E+00  -0.13080000000000001E+01   0.60000000000000001E-02   0.00000000000000000E+00   0.00000000000000000E+00   0.10958151854634416E+03
PPE4        11   0.30000000000000000E+03  -0.99000000000000000E+02  -0.36310957701622509E+00  -0.14339999999999999E+01   0.70000000000000001E-02   0.00000000000000000E+00   0.00000000000000000E+00   0.15298434614053926E+03
PPE4        11   0.35000000000000000E+03  -0.99000000000000000E+02  -0.12657307237317930E+00  -0.15409999999999999E+01   0.10000000000000000E-01   0.00000000000000000E+00   0.00000000000000000E+00   0.14144269276268207E+03
PP3H4       12   0.10000000000000000E+01  -0.99000000000000000E+02   0.23377416056589886E-08   0.00000000000000000E+00   0.50000000000000001E-03   0.00000000000000000E+00   0.00000000000000000E+00   0.46754832113179767E-05
PP3H4       12   0.50000000000000000E+01  -0.99000000000000000E+02   0.86147300945669827E-05   0.00000000000000000E+00   0.50000000000000001E-03   0.00000000000000000E+00   0.00000000000000000E+00   0.17229460189133964E-01
PP3H4       12   0.10000000000000000E+02  -0.99000000000000000E+02   0.16872701409433290E-03   0.00000000000000000E+00   0.50000000000000001E-03   0.00000000000000000E+00   0.00000000000000000E+00   0.33745402818866582E+00
PP3H4       12   0.25000000000000000E+02  -0.99000000000000000E+02   0.41372979599839333E-02   0.40000000000000001E-02   0.50000000000000001E-03   0.00000000000000000E+00   0.00000000000000000E+00   0.27459591996786653E+00
PP3H4       12   0.50000000000000000E+02  -0.99000000000000000E+02   0.26419630133388893E-01   0.25999999999999999E-01   0.50000000000000001E-03   0.00000000000000000E+00   0.00000000000000000E+00   0.83926026677778875E+00
PP3H4       12   0.10000000000000000E+03  -0.99000000000000000E+02   0.10959192021970850E+00   0.11000000000000000E+00   0.50000000000000001E-03   0.00000000000000000E+00   0.00000000000000000E+00  -0.81615956058300743E+00
PP3H4       12   0.15000000000000000E+03  -0.99000000000000000E+02   0.20468714249506390E+00   0.22000000000000000E+00   0.20000000000000000E-02   0.00000000000000000E+00   0.00000000000000000E+00  -0.76564287524680532E+01
PP3H4       12   0.20000000000000000E+03  -0.99000000000000000E+02   0.26635760448017137E+00   0.34100000000000003E+00   0.60000000000000001E-02   0.00000000000000000E+00   0.00000000000000000E+00  -0.12440399253304776E+02
PP3H4       12   0.25000000000000000E+03  -0.99000000000000000E+02   0.25308270243673953E+00   0.46400000000000002E+00   0.12000000000000000E-01   0.00000000000000000E+00   0.00000000000000000E+00  -0.17576441463605040E+02
PP3H4       12   0.30000000000000000E+03  -0.99000000000000000E+02   0.16556906425226428E+00   0.57199999999999995E+00   0.19000000000000000E-01   0.00000000000000000E+00   0.00000000000000000E+00  -0.21391101881459775E+02
PP3H4       12   0.35000000000000000E+03  -0.99000000000000000E+02   0.66468195995682558E-01   0.65000000000000002E+00   0.25999999999999999E-01   0.00000000000000000E+00   0.00000000000000000E+00  -0.22443530923242982E+02
NP1S0       13   0.10000000000000000E+01  -0.99000000000000000E+02   0.61993506713070332E+02   0.62076999999999998E+02   0.17999999999999999E-01   0.00000000000000000E+00   0.00000000000000000E+00  -0.46385159405370286E+01
NP1S0       13   0.50000000000000000E+01  -0.99000000000000000E+02   0.63081268322334608E+02   0.63659999999999997E+02   0.43999999999999997E-01   0.00000000000000000E+00   0.00000000000000000E+00  -0.13152992674213367E+02
NP1S0       13   0.10000000000000000E+02  -0.99000000000000000E+02   0.59107159905075996E+02   0.60020000000000003E+02   0.63000000000000000E-01   0.00000000000000000E+00   0.00000000000000000E+00  -0.14489525316254086E+02
NP1S0       13   0.25000000000000000E+02  -0.99000000000000000E+02   0.49513121009136498E+02   0.51070999999999998E+02   0.99000000000000005E-01   0.00000000000000000E+00   0.00000000000000000E+00  -0.15736151422863639E+02
NP1S0       13   0.50000000000000000E+02  -0.99000000000000000E+02   0.38710056927607276E+02   0.40884999999999998E+02   0.14699999999999999E+00   0.00000000000000000E+00   0.00000000000000000E+00  -0.14795531104712394E+02
NP1S0       13   0.10000000000000000E+03  -0.99000000000000000E+02   0.25094683163055329E+02   0.27210000000000001E+02   0.23000000000000001E+00   0.00000000000000000E+00   0.00000000000000000E+00  -0.91970297258463987E+01
NP1S0       13   0.15000000000000000E+03  -0.99000000000000000E+02   0.16853594526802652E+02   0.17100000000000001E+02   0.26600000000000001E+00   0.00000000000000000E+00   0.00000000000000000E+00  -0.92633636540356790E+00
NP1S0       13   0.20000000000000000E+03  -0.99000000000000000E+02   0.12043612711123627E+02   0.88300000000000001E+01   0.26700000000000002E+00   0.00000000000000000E+00   0.00000000000000000E+00   0.12036002663384370E+02
NP1S0       13   0.25000000000000000E+03  -0.99000000000000000E+02   0.90310396043396288E+01   0.19710000000000001E+01   0.28100000000000003E+00   0.00000000000000000E+00   0.00000000000000000E+00   0.25124696100852770E+02
NP1S0       13   0.30000000000000000E+03  -0.99000000000000000E+02   0.59712602591890702E+01  -0.36179999999999999E+01   0.34399999999999997E+00   0.00000000000000000E+00   0.00000000000000000E+00   0.27875756567410090E+02
NP1S0       13   0.35000000000000000E+03  -0.99000000000000000E+02   0.27303493236303691E+01  -0.80440000000000005E+01   0.45300000000000001E+00   0.00000000000000000E+00   0.00000000000000000E+00   0.23784435593003021E+02
NP1D2       14   0.10000000000000000E+01  -0.99000000000000000E+02   0.11504471122756777E-02   0.10000000000000000E-02   0.50000000000000001E-03   0.00000000000000000E+00   0.00000000000000000E+00   0.30089422455135528E+00
NP1D2       14   0.50000000000000000E+01  -0.99000000000000000E+02   0.42916782375697606E-01   0.41000000000000002E-01   0.50000000000000001E-03   0.00000000000000000E+00   0.00000000000000000E+00   0.38335647513952074E+01
NP1D2       14   0.10000000000000000E+02  -0.99000000000000000E+02   0.16356671778717879E+00   0.15500000000000000E+00   0.50000000000000001E-03   0.00000000000000000E+00   0.00000000000000000E+00   0.17133435574357591E+02
NP1D2       14   0.25000000000000000E+02  -0.99000000000000000E+02   0.73092871121782821E+00   0.67400000000000004E+00   0.10000000000000000E-02   0.00000000000000000E+00   0.00000000000000000E+00   0.56928711217828166E+02
NP1D2       14   0.50000000000000000E+02  -0.99000000000000000E+02   0.19441672910551540E+01   0.17020000000000000E+01   0.40000000000000001E-02   0.00000000000000000E+00   0.00000000000000000E+00   0.60541822763788495E+02
NP1D2       14   0.10000000000000000E+03  -0.99000000000000000E+02   0.47737561794879300E+01   0.37749999999999999E+01   0.80000000000000002E-02   0.00000000000000000E+00   0.00000000000000000E+00   0.12484452243599125E+03
NP1D2       14   0.15000000000000000E+03  -0.99000000000000000E+02   0.72244574151560315E+01   0.55709999999999997E+01   0.14000000000000000E-01   0.00000000000000000E+00   0.00000000000000000E+00   0.11810410108257369E+03
NP1D2       14   0.20000000000000000E+03  -0.99000000000000000E+02   0.80490714377925823E+01   0.71059999999999999E+01   0.21999999999999999E-01   0.00000000000000000E+00   0.00000000000000000E+00   0.42866883536026478E+02
NP1D2       14   0.25000000000000000E+03  -0.99000000000000000E+02   0.66804462920737837E+01   0.84239999999999995E+01   0.24000000000000000E-01   0.00000000000000000E+00   0.00000000000000000E+00  -0.72648071163592320E+02
NP1D2       14   0.30000000000000000E+03  -0.99000000000000000E+02   0.39257298343020146E+01   0.94320000000000004E+01   0.32000000000000001E-01   0.00000000000000000E+00   0.00000000000000000E+00  -0.17207094267806204E+03
NP1D2       14   0.35000000000000000E+03  -0.99000000000000000E+02   0.14589493198640231E+01   0.99939999999999998E+01   0.53999999999999999E-01   0.00000000000000000E+00   0.00000000000000000E+00  -0.15805649407659214E+03
NP1G4       15   0.10000000000000000E+01  -0.99000000000000000E+02   0.35064667890664501E-06   0.00000000000000000E+00   0.50000000000000001E-03   0.00000000000000000E+00   0.00000000000000000E+00   0.70129335781329003E-03
NP1G4       15   0.50000000000000000E+01  -0.99000000000000000E+02   0.23918252628251171E-03   0.00000000000000000E+00   0.50000000000000001E-03   0.00000000000000000E+00   0.00000000000000000E+00   0.47836505256502343E+00
NP1G4       15   0.10000000000000000E+02  -0.99000000000000000E+02   0.26008081876064191E-02   0.20000000000000000E-02   0.50000000000000001E-03   0.00000000000000000E+00   0.00000000000000000E+00   0.12016163752128382E+01
NP1G4       15   0.25000000000000000E+02  -0.99000000000000000E+02   0.32853051033705019E-01   0.32000000000000001E-01   0.50000000000000001E-03   0.00000000000000000E+00   0.00000000000000000E+00   0.17061020674100369E+01
NP1G4       15   0.50000000000000000E+02  -0.99000000000000000E+02   0.13645853118768819E+00   0.13200000000000001E+00   0.10000000000000000E-02   0.00000000000000000E+00   0.00000000000000000E+00   0.44585311876881857E+01
NP1G4       15   0.10000000000000000E+03  -0.99000000000000000E+02   0.39913321025374787E+00   0.37000000000000000E+00   0.89999999999999993E-02   0.00000000000000000E+00   0.00000000000000000E+00   0.32370233615275419E+01
NP1G4       15   0.15000000000000000E+03  -0.99000000000000000E+02   0.64507015960152791E+00   0.60599999999999998E+00   0.29999999999999999E-01   0.00000000000000000E+00   0.00000000000000000E+00   0.13023386533842645E+01
NP1G4       15   0.20000000000000000E+03  -0.99000000000000000E+02   0.78133073077051862E+00   0.84899999999999998E+00   0.58999999999999997E-01   0.00000000000000000E+00   0.00000000000000000E+00  -0.11469367666013790E+01
NP1G4       15   0.25000000000000000E+03  -0.99000000000000000E+02   0.70976654134875539E+00   0.11190000000000000E+01   0.81000000000000003E-01   0.00000000000000000E+00   0.00000000000000000E+00  -0.50522649216203037E+01
NP1G4       15   0.30000000000000000E+03  -0.99000000000000000E+02   0.44744990838133830E+00   0.14379999999999999E+01   0.85000000000000006E-01   0.00000000000000000E+00   0.00000000000000000E+00  -0.11653530489631311E+02
NP1G4       15   0.35000000000000000E+03  -0.99000000000000000E+02   0.17351218314397532E+00   0.18290000000000000E+01   0.83000000000000004E-01   0.00000000000000000E+00   0.00000000000000000E+00  -0.19945636347662944E+02
NP3P0       16   0.10000000000000000E+01  -0.99000000000000000E+02   0.18719624493081821E+00   0.18099999999999999E+00   0.50000000000000001E-03   0.00000000000000000E+00   0.00000000000000000E+00   0.12392489861636435E+02
NP3P0       16   0.50000000000000000E+01  -0.99000000000000000E+02   0.17131245162556672E+01   0.16570000000000000E+01   0.30000000000000001E-02   0.00000000000000000E+00   0.00000000000000000E+00   0.18708172085222390E+02
NP3P0       16   0.10000000000000000E+02  -0.99000000000000000E+02   0.38795752501237994E+01   0.37540000000000000E+01   0.80000000000000002E-02   0.00000000000000000E+00   0.00000000000000000E+00   0.15696906265474929E+02
NP3P0       16   0.25000000000000000E+02  -0.99000000000000000E+02   0.86698482846636917E+01   0.84789999999999992E+01   0.21000000000000001E-01   0.00000000000000000E+00   0.00000000000000000E+00   0.90880135554139283E+01
NP3P0       16   0.50000000000000000E+02  -0.99000000000000000E+02   0.10895910891091900E+02   0.11300000000000001E+02   0.33000000000000002E-01   0.00000000000000000E+00   0.00000000000000000E+00  -0.12245124512366701E+02
NP3P0       16   0.10000000000000000E+03  -0.99000000000000000E+02   0.52725491687881298E+01   0.91400000000000006E+01   0.57000000000000002E-01   0.00000000000000000E+00   0.00000000000000000E+00  -0.67850014582664400E+02
NP3P0       16   0.15000000000000000E+03  -0.99000000000000000E+02  -0.53981173756905605E+01   0.43360000000000003E+01   0.66000000000000003E-01   0.00000000000000000E+00   0.00000000000000000E+00  -0.14748662690440244E+03
NP3P0       16   0.20000000000000000E+03  -0.99000000000000000E+02  -0.17664098968608624E+02  -0.79600000000000004E+00   0.62000000000000000E-01   0.00000000000000000E+00   0.00000000000000000E+00  -0.27206611239691330E+03
NP3P0       16   0.25000000000000000E+03  -0.99000000000000000E+02  -0.28032799829652916E+02  -0.57489999999999997E+01   0.64000000000000001E-01   0.00000000000000000E+00   0.00000000000000000E+00  -0.34818437233832680E+03
NP3P0       16   0.30000000000000000E+03  -0.99000000000000000E+02  -0.29229058148461490E+02  -0.10324999999999999E+02   0.90999999999999998E-01   0.00000000000000000E+00   0.00000000000000000E+00  -0.20773690273034606E+03
NP3P0       16   0.35000000000000000E+03  -0.99000000000000000E+02  -0.15194748730021230E+02  -0.14349000000000000E+02   0.14499999999999999E+00   0.00000000000000000E+00   0.00000000000000000E+00  -0.58327498622153771E+01
NP3P1       17   0.10000000000000000E+01  -0.99000000000000000E+02  -0.10318331107532198E+00  -0.10700000000000000E+00   0.50000000000000001E-03   0.00000000000000000E+00   0.00000000000000000E+00   0.76333778493560267E+01
NP3P1       17   0.50000000000000000E+01  -0.99000000000000000E+02  -0.88514114528757371E+00  -0.93300000000000005E+00   0.10000000000000000E-02   0.00000000000000000E+00   0.00000000000000000E+00   0.47858854712426343E+02
NP3P1       17   0.10000000000000000E+02  -0.99000000000000000E+02  -0.19343374672992433E+01  -0.20569999999999999E+01   0.20000000000000000E-02   0.00000000000000000E+00   0.00000000000000000E+00   0.61331266350378328E+02
NP3P1       17   0.25000000000000000E+02  -0.99000000000000000E+02  -0.45416898569973645E+01  -0.48769999999999998E+01   0.60000000000000001E-02   0.00000000000000000E+00   0.00000000000000000E+00   0.55885023833772550E+02
NP3P1       17   0.50000000000000000E+02  -0.99000000000000000E+02  -0.79420111172898871E+01  -0.83179999999999996E+01   0.12999999999999999E-01   0.00000000000000000E+00   0.00000000000000000E+00   0.28922221746931736E+02
NP3P1       17   0.10000000000000000E+03  -0.99000000000000000E+02  -0.14988063823542696E+02  -0.13571000000000000E+02   0.19000000000000000E-01   0.00000000000000000E+00   0.00000000000000000E+00  -0.74582306502247164E+02
NP3P1       17   0.15000000000000000E+03  -0.99000000000000000E+02  -0.23983795307486030E+02  -0.18033999999999999E+02   0.25000000000000001E-01   0.00000000000000000E+00   0.00000000000000000E+00  -0.23799181229944125E+03
NP3P1       17   0.20000000000000000E+03  -0.99000000000000000E+02  -0.34359842997887455E+02  -0.21957999999999998E+02   0.36999999999999998E-01   0.00000000000000000E+00   0.00000000000000000E+00  -0.33518494588885017E+03
NP3P1       17   0.25000000000000000E+03  -0.99000000000000000E+02  -0.43012937074587306E+02  -0.25375000000000000E+02   0.50999999999999997E-01   0.00000000000000000E+00   0.00000000000000000E+00  -0.34584190342328054E+03
NP3P1       17   0.30000000000000000E+03  -0.99000000000000000E+02  -0.41211910842095058E+02  -0.28308000000000000E+02   0.65000000000000002E-01   0.00000000000000000E+00   0.00000000000000000E+00  -0.19852170526300088E+03
NP3P1       17   0.35000000000000000E+03  -0.99000000000000000E+02  -0.19540005339863491E+02  -0.30747000000000000E+02   0.75999999999999998E-01   0.00000000000000000E+00   0.00000000000000000E+00   0.14746045605442777E+03
NP3F3       18   0.10000000000000000E+01  -0.99000000000000000E+02  -0.25468972275120834E-04   0.00000000000000000E+00   0.50000000000000001E-03   0.00000000000000000E+00   0.00000000000000000E+00  -0.50937944550241671E-01
NP3F3       18   0.50000000000000000E+01  -0.99000000000000000E+02  -0.41111229523441740E-02  -0.40000000000000001E-02   0.50000000000000001E-03   0.00000000000000000E+00   0.00000000000000000E+00  -0.22224590468834793E+00
NP3F3       18   0.10000000000000000E+02  -0.99000000000000000E+02  -0.26643828279226126E-01  -0.25999999999999999E-01   0.50000000000000001E-03   0.00000000000000000E+00   0.00000000000000000E+00  -0.12876565584522548E+01
NP3F3       18   0.25000000000000000E+02  -0.99000000000000000E+02  -0.19700556590078672E+00  -0.19800000000000001E+00   0.50000000000000001E-03   0.00000000000000000E+00   0.00000000000000000E+00   0.19888681984265855E+01
NP3F3       18   0.50000000000000000E+02  -0.99000000000000000E+02  -0.60178946839016101E+00  -0.61099999999999999E+00   0.20000000000000000E-02   0.00000000000000000E+00   0.00000000000000000E+00   0.46052658049194894E+01
NP3F3       18   0.10000000000000000E+03  -0.99000000000000000E+02  -0.12814781062989640E+01  -0.13810000000000000E+01   0.89999999999999993E-02   0.00000000000000000E+00   0.00000000000000000E+00   0.11057988189004005E+02
NP3F3       18   0.15000000000000000E+03  -0.99000000000000000E+02  -0.15738317864135980E+01  -0.20040000000000000E+01   0.20000000000000000E-01   0.00000000000000000E+00   0.00000000000000000E+00   0.21508410679320100E+02
NP3F3       18   0.20000000000000000E+03  -0.99000000000000000E+02  -0.14309163496947117E+01  -0.25089999999999999E+01   0.33000000000000002E-01   0.00000000000000000E+00   0.00000000000000000E+00   0.32669201524402673E+02
NP3F3       18   0.25000000000000000E+03  -0.99000000000000000E+02  -0.95022090306443296E+00  -0.27810000000000001E+01   0.45999999999999999E-01   0.00000000000000000E+00   0.00000000000000000E+00   0.39799545585555812E+02
NP3F3       18   0.30000000000000000E+03  -0.99000000000000000E+02  -0.42017325755319296E+00  -0.26490000000000000E+01   0.53999999999999999E-01   0.00000000000000000E+00   0.00000000000000000E+00   0.41274569304570498E+02
NP3F3       18   0.35000000000000000E+03  -0.99000000000000000E+02  -0.10753014014342636E+00  -0.20400000000000000E+01   0.69000000000000006E-01   0.00000000000000000E+00   0.00000000000000000E+00   0.28006809563138749E+02
NP3P2       19   0.10000000000000000E+01  -0.99000000000000000E+02   0.30579298197769167E-01   0.21999999999999999E-01   0.50000000000000001E-03   0.00000000000000000E+00   0.00000000000000000E+00   0.17158596395538336E+02
NP3P2       19   0.50000000000000000E+01  -0.99000000000000000E+02   0.34792343750099675E+00   0.25800000000000001E+00   0.10000000000000000E-02   0.00000000000000000E+00   0.00000000000000000E+00   0.89923437500996741E+02
NP3P2       19   0.10000000000000000E+02  -0.99000000000000000E+02   0.97664868285914264E+00   0.72699999999999998E+00   0.20000000000000000E-02   0.00000000000000000E+00   0.00000000000000000E+00   0.12482434142957132E+03
NP3P2       19   0.25000000000000000E+02  -0.99000000000000000E+02   0.35424109689040417E+01   0.26269999999999998E+01   0.50000000000000001E-02   0.00000000000000000E+00   0.00000000000000000E+00   0.18308219378080838E+03
NP3P2       19   0.50000000000000000E+02  -0.99000000000000000E+02   0.81936533494857180E+01   0.60110000000000001E+01   0.89999999999999993E-02   0.00000000000000000E+00   0.00000000000000000E+00   0.24251703883174645E+03
NP3P2       19   0.10000000000000000E+03  -0.99000000000000000E+02   0.14592338619006254E+02   0.11061999999999999E+02   0.17999999999999999E-01   0.00000000000000000E+00   0.00000000000000000E+00   0.19612992327812526E+03
NP3P2       19   0.15000000000000000E+03  -0.99000000000000000E+02   0.16057278951228337E+02   0.14004000000000000E+02   0.20000000000000000E-01   0.00000000000000000E+00   0.00000000000000000E+00   0.10266394756141688E+03
NP3P2       19   0.20000000000000000E+03  -0.99000000000000000E+02   0.13663281413845375E+02   0.15696999999999999E+02   0.25999999999999999E-01   0.00000000000000000E+00   0.00000000000000000E+00  -0.78219945621331689E+02
NP3P2       19   0.25000000000000000E+03  -0.99000000000000000E+02   0.90790628799357940E+01   0.16542000000000002E+02   0.32000000000000001E-01   0.00000000000000000E+00   0.00000000000000000E+00  -0.23321678500200647E+03
NP3P2       19   0.30000000000000000E+03  -0.99000000000000000E+02   0.43600163062776049E+01   0.16696999999999999E+02   0.33000000000000002E-01   0.00000000000000000E+00   0.00000000000000000E+00  -0.37384799071886044E+03
NP3P2       19   0.35000000000000000E+03  -0.99000000000000000E+02   0.13029661982681751E+01   0.16280000000000001E+02   0.29999999999999999E-01   0.00000000000000000E+00   0.00000000000000000E+00  -0.49923446005772757E+03
NPE2        20   0.10000000000000000E+01  -0.99000000000000000E+02  -0.13136230700846489E-02  -0.10000000000000000E-02   0.50000000000000001E-03   0.00000000000000000E+00   0.00000000000000000E+00  -0.62724614016929769E+00
NPE2        20   0.50000000000000000E+01  -0.99000000000000000E+02  -0.48967724844725016E-01  -0.48000000000000001E-01   0.50000000000000001E-03   0.00000000000000000E+00   0.00000000000000000E+00  -0.19354496894500306E+01
NPE2        20   0.10000000000000000E+02  -0.99000000000000000E+02  -0.18428596373519196E+00  -0.18400000000000000E+00   0.50000000000000001E-03   0.00000000000000000E+00   0.00000000000000000E+00  -0.57192747038392611E+00
NPE2        20   0.25000000000000000E+02  -0.99000000000000000E+02  -0.75472141940074444E+00  -0.76300000000000001E+00   0.10000000000000000E-02   0.00000000000000000E+00   0.00000000000000000E+00   0.82785805992555694E+01
NPE2        20   0.50000000000000000E+02  -0.99000000000000000E+02  -0.16042143831803817E+01  -0.16610000000000000E+01   0.40000000000000001E-02   0.00000000000000000E+00   0.00000000000000000E+00   0.14196404204904589E+02
NPE2        20   0.10000000000000000E+03  -0.99000000000000000E+02  -0.23977372980518132E+01  -0.26650000000000000E+01   0.80000000000000002E-02   0.00000000000000000E+00   0.00000000000000000E+00   0.33407837743523352E+02
NPE2        20   0.15000000000000000E+03  -0.99000000000000000E+02  -0.23722805737372612E+01  -0.29820000000000002E+01   0.12000000000000000E-01   0.00000000000000000E+00   0.00000000000000000E+00   0.50809952188561581E+02
NPE2        20   0.20000000000000000E+03  -0.99000000000000000E+02  -0.19124803935973940E+01  -0.29710000000000001E+01   0.17000000000000001E-01   0.00000000000000000E+00   0.00000000000000000E+00   0.62265859200153294E+02
NPE2        20   0.25000000000000000E+03  -0.99000000000000000E+02  -0.12550850230017863E+01  -0.27480000000000002E+01   0.21999999999999999E-01   0.00000000000000000E+00   0.00000000000000000E+00   0.67859771681737001E+02
NPE2        20   0.30000000000000000E+03  -0.99000000000000000E+02  -0.62057007932379182E+00  -0.23279999999999998E+01   0.29999999999999999E-01   0.00000000000000000E+00   0.00000000000000000E+00   0.56914330689206935E+02
NPE2        20   0.35000000000000000E+03  -0.99000000000000000E+02  -0.20026853892281143E+00  -0.17270000000000001E+01   0.40000000000000001E-01   0.00000000000000000E+00   0.00000000000000000E+00   0.38168286526929720E+02
NP3F2       21   0.10000000000000000E+01  -0.99000000000000000E+02   0.94774567122642997E-05   0.00000000000000000E+00   0.50000000000000001E-03   0.00000000000000000E+00   0.00000000000000000E+00   0.18954913424528600E-01
NP3F2       21   0.50000000000000000E+01  -0.99000000000000000E+02   0.16373213936735174E-02   0.20000000000000000E-02   0.50000000000000001E-03   0.00000000000000000E+00   0.00000000000000000E+00  -0.72535721265296538E+00
NP3F2       21   0.10000000000000000E+02  -0.99000000000000000E+02   0.11255488342983332E-01   0.10999999999999999E-01   0.50000000000000001E-03   0.00000000000000000E+00   0.00000000000000000E+00   0.51097668596666523E+00
NP3F2       21   0.25000000000000000E+02  -0.99000000000000000E+02   0.93067551644031146E-01   0.90999999999999998E-01   0.50000000000000001E-03   0.00000000000000000E+00   0.00000000000000000E+00   0.41351032880622975E+01
NP3F2       21   0.50000000000000000E+02  -0.99000000000000000E+02   0.32341759149869170E+00   0.30800000000000000E+00   0.20000000000000000E-02   0.00000000000000000E+00   0.00000000000000000E+00   0.77087957493458532E+01
NP3F2       21   0.10000000000000000E+03  -0.99000000000000000E+02   0.88964444963963363E+00   0.77500000000000002E+00   0.89999999999999993E-02   0.00000000000000000E+00   0.00000000000000000E+00   0.12738272182181513E+02
NP3F2       21   0.15000000000000000E+03  -0.99000000000000000E+02   0.14496261276842426E+01   0.11100000000000001E+01   0.17000000000000001E-01   0.00000000000000000E+00   0.00000000000000000E+00   0.19978007510837791E+02
NP3F2       21   0.20000000000000000E+03  -0.99000000000000000E+02   0.17667779574112772E+01   0.12120000000000000E+01   0.21999999999999999E-01   0.00000000000000000E+00   0.00000000000000000E+00   0.25217179882330786E+02
NP3F2       21   0.25000000000000000E+03  -0.99000000000000000E+02   0.15968696561561373E+01   0.10740000000000001E+01   0.28000000000000001E-01   0.00000000000000000E+00   0.00000000000000000E+00   0.18673916291290617E+02
NP3F2       21   0.30000000000000000E+03  -0.99000000000000000E+02   0.99565411670733495E+00   0.74399999999999999E+00   0.40000000000000001E-01   0.00000000000000000E+00   0.00000000000000000E+00   0.62913529176833736E+01
NP3F2       21   0.35000000000000000E+03  -0.99000000000000000E+02   0.38117032010146434E+00   0.26000000000000001E+00   0.56000000000000001E-01   0.00000000000000000E+00   0.00000000000000000E+00   0.21637557160975773E+01
NP3F4       22   0.10000000000000000E+01  -0.99000000000000000E+02   0.22563928617710514E-06   0.00000000000000000E+00   0.50000000000000001E-03   0.00000000000000000E+00   0.00000000000000000E+00   0.45127857235421030E-03
NP3F4       22   0.50000000000000000E+01  -0.99000000000000000E+02   0.10009051096264310E-03   0.00000000000000000E+00   0.50000000000000001E-03   0.00000000000000000E+00   0.00000000000000000E+00   0.20018102192528620E+00
NP3F4       22   0.10000000000000000E+02  -0.99000000000000000E+02   0.11171130160863877E-02   0.10000000000000000E-02   0.50000000000000001E-03   0.00000000000000000E+00   0.00000000000000000E+00   0.23422603217277543E+00
NP3F4       22   0.25000000000000000E+02  -0.99000000000000000E+02   0.17616014012422632E-01   0.16000000000000000E-01   0.50000000000000001E-03   0.00000000000000000E+00   0.00000000000000000E+00   0.32320280248452624E+01
NP3F4       22   0.50000000000000000E+02  -0.99000000000000000E+02   0.99347947777232271E-01   0.91999999999999998E-01   0.10000000000000000E-02   0.00000000000000000E+00   0.00000000000000000E+00   0.73479477772322719E+01
NP3F4       22   0.10000000000000000E+03  -0.99000000000000000E+02   0.42275193536102473E+00   0.43700000000000000E+00   0.50000000000000001E-02   0.00000000000000000E+00   0.00000000000000000E+00  -0.28496129277950533E+01
NP3F4       22   0.15000000000000000E+03  -0.99000000000000000E+02   0.83319251706627928E+00   0.97099999999999997E+00   0.10000000000000000E-01   0.00000000000000000E+00   0.00000000000000000E+00  -0.13780748293372069E+02
NP3F4       22   0.20000000000000000E+03  -0.99000000000000000E+02   0.11214644828337783E+01   0.15629999999999999E+01   0.16000000000000000E-01   0.00000000000000000E+00   0.00000000000000000E+00  -0.27595969822888851E+02
NP3F4       22   0.25000000000000000E+03  -0.99000000000000000E+02   0.10764586477341787E+01   0.20960000000000001E+01   0.21999999999999999E-01   0.00000000000000000E+00   0.00000000000000000E+00  -0.46342788739355520E+02
NP3F4       22   0.30000000000000000E+03  -0.99000000000000000E+02   0.69853077613633274E+00   0.25129999999999999E+01   0.27000000000000000E-01   0.00000000000000000E+00   0.00000000000000000E+00  -0.67202563846802491E+02
NP3F4       22   0.35000000000000000E+03  -0.99000000000000000E+02   0.27503400711344550E+00   0.28220000000000001E+01   0.42999999999999997E-01   0.00000000000000000E+00   0.00000000000000000E+00  -0.59231767276431505E+02
NPE4        23   0.10000000000000000E+01  -0.99000000000000000E+02  -0.39305181050005600E-06   0.00000000000000000E+00   0.50000000000000001E-03   0.00000000000000000E+00   0.00000000000000000E+00  -0.78610362100011203E-03
NPE4        23   0.50000000000000000E+01  -0.99000000000000000E+02  -0.27231726189590731E-03   0.00000000000000000E+00   0.50000000000000001E-03   0.00000000000000000E+00   0.00000000000000000E+00  -0.54463452379181465E+00
NPE4        23   0.10000000000000000E+02  -0.99000000000000000E+02  -0.30098599483719766E-02  -0.30000000000000001E-02   0.50000000000000001E-03   0.00000000000000000E+00   0.00000000000000000E+00  -0.19719896743953039E-01
NPE4        23   0.25000000000000000E+02  -0.99000000000000000E+02  -0.39334193505534909E-01  -0.39000000000000000E-01   0.50000000000000001E-03   0.00000000000000000E+00   0.00000000000000000E+00  -0.66838701106981813E+00
NPE4        23   0.50000000000000000E+02  -0.99000000000000000E+02  -0.16732299534040793E+00  -0.17000000000000001E+00   0.50000000000000001E-03   0.00000000000000000E+00   0.00000000000000000E+00   0.53540093191841720E+01
NPE4        23   0.10000000000000000E+03  -0.99000000000000000E+02  -0.47631871976291562E+00  -0.50600000000000001E+00   0.10000000000000000E-02   0.00000000000000000E+00   0.00000000000000000E+00   0.29681280237084383E+02
NPE4        23   0.15000000000000000E+03  -0.99000000000000000E+02  -0.70682387002373193E+00  -0.82899999999999996E+00   0.30000000000000001E-02   0.00000000000000000E+00   0.00000000000000000E+00   0.40725376658756012E+02
NPE4        23   0.20000000000000000E+03  -0.99000000000000000E+02  -0.76350526796905349E+00  -0.10950000000000000E+01   0.50000000000000001E-02   0.00000000000000000E+00   0.00000000000000000E+00   0.66298946406189302E+02
NPE4        23   0.25000000000000000E+03  -0.99000000000000000E+02  -0.61171188357292328E+00  -0.12949999999999999E+01   0.60000000000000001E-02   0.00000000000000000E+00   0.00000000000000000E+00   0.11388135273784610E+03
NPE4        23   0.30000000000000000E+03  -0.99000000000000000E+02  -0.34042653722405236E+00  -0.14440000000000000E+01   0.70000000000000001E-02   0.00000000000000000E+00   0.00000000000000000E+00   0.15765335182513539E+03
NPE4        23   0.35000000000000000E+03  -0.99000000000000000E+02  -0.11735766274290077E+00  -0.15710000000000000E+01   0.10000000000000000E-01   0.00000000000000000E+00   0.00000000000000000E+00   0.14536423372570991E+03
NP3H4       24   0.10000000000000000E+01  -0.99000000000000000E+02   0.16124415620096496E-08   0.00000000000000000E+00   0.50000000000000001E-03   0.00000000000000000E+00   0.00000000000000000E+00   0.32248831240192992E-05
NP3H4       24   0.50000000000000000E+01  -0.99000000000000000E+02   0.52399296093795459E-05   0.00000000000000000E+00   0.50000000000000001E-03   0.00000000000000000E+00   0.00000000000000000E+00   0.10479859218759092E-01
NP3H4       24   0.10000000000000000E+02  -0.99000000000000000E+02   0.10772724797775963E-03   0.00000000000000000E+00   0.50000000000000001E-03   0.00000000000000000E+00   0.00000000000000000E+00   0.21545449595551927E+00
NP3H4       24   0.25000000000000000E+02  -0.99000000000000000E+02   0.29688413427365256E-02   0.30000000000000001E-02   0.50000000000000001E-03   0.00000000000000000E+00   0.00000000000000000E+00  -0.62317314526948858E-01
NP3H4       24   0.50000000000000000E+02  -0.99000000000000000E+02   0.20796465395095189E-01   0.21000000000000001E-01   0.50000000000000001E-03   0.00000000000000000E+00   0.00000000000000000E+00  -0.40706920980962402E+00
NP3H4       24   0.10000000000000000E+03  -0.99000000000000000E+02   0.93355205490858781E-01   0.92999999999999999E-01   0.50000000000000001E-03   0.00000000000000000E+00   0.00000000000000000E+00   0.71041098171756301E+00
NP3H4       24   0.15000000000000000E+03  -0.99000000000000000E+02   0.18102674047579370E+00   0.19400000000000001E+00   0.20000000000000000E-02   0.00000000000000000E+00   0.00000000000000000E+00  -0.64866297621031519E+01
NP3H4       24   0.20000000000000000E+03  -0.99000000000000000E+02   0.24058905191983210E+00   0.30900000000000000E+00   0.60000000000000001E-02   0.00000000000000000E+00   0.00000000000000000E+00  -0.11401824680027984E+02
NP3H4       24   0.25000000000000000E+03  -0.99000000000000000E+02   0.23121851111468988E+00   0.42299999999999999E+00   0.12000000000000000E-01   0.00000000000000000E+00   0.00000000000000000E+00  -0.15981790740442507E+02
NP3H4       24   0.30000000000000000E+03  -0.99000000000000000E+02   0.15187233481895224E+00   0.51800000000000002E+00   0.19000000000000000E-01   0.00000000000000000E+00   0.00000000000000000E+00  -0.19269877114791989E+02
NP3H4       24   0.35000000000000000E+03  -0.99000000000000000E+02   0.60762715461291229E-01   0.57799999999999996E+00   0.25999999999999999E-01   0.00000000000000000E+00   0.00000000000000000E+00  -0.19893741713027261E+02
NP1P1       25   0.10000000000000000E+01  -0.99000000000000000E+02  -0.17423439998444951E+00  -0.18600000000000000E+00   0.50000000000000001E-03   0.00000000000000000E+00   0.00000000000000000E+00   0.23531200031100983E+02
NP1P1       25   0.50000000000000000E+01  -0.99000000000000000E+02  -0.13341314562255839E+01  -0.14940000000000000E+01   0.40000000000000001E-02   0.00000000000000000E+00   0.00000000000000000E+00   0.39967135943604013E+02
NP1P1       25   0.10000000000000000E+02  -0.99000000000000000E+02  -0.25883172249937205E+01  -0.30619999999999998E+01   0.10000000000000000E-01   0.00000000000000000E+00   0.00000000000000000E+00   0.47368277500627933E+02
NP1P1       25   0.25000000000000000E+02  -0.99000000000000000E+02  -0.42944516490648574E+01  -0.63570000000000002E+01   0.33000000000000002E-01   0.00000000000000000E+00   0.00000000000000000E+00   0.62501465179852808E+02
NP1P1       25   0.50000000000000000E+02  -0.99000000000000000E+02  -0.30775191382778706E+01  -0.96630000000000003E+01   0.69000000000000006E-01   0.00000000000000000E+00   0.00000000000000000E+00   0.95441751619161295E+02
NP1P1       25   0.10000000000000000E+03  -0.99000000000000000E+02   0.65164960753429977E+01  -0.14207000000000001E+02   0.10600000000000000E+00   0.00000000000000000E+00   0.00000000000000000E+00   0.19550467995606604E+03
NP1P1       25   0.15000000000000000E+03  -0.99000000000000000E+02   0.17186893952042801E+02  -0.17977000000000000E+02   0.11899999999999999E+00   0.00000000000000000E+00   0.00000000000000000E+00   0.29549490716002350E+03
NP1P1       25   0.20000000000000000E+03  -0.99000000000000000E+02   0.21191682406835529E+02  -0.21234999999999999E+02   0.14399999999999999E+00   0.00000000000000000E+00   0.00000000000000000E+00   0.29462973893635785E+03
NP1P1       25   0.25000000000000000E+03  -0.99000000000000000E+02   0.17913405444535545E+02  -0.24030000000000001E+02   0.18500000000000000E+00   0.00000000000000000E+00   0.00000000000000000E+00   0.22672111051100293E+03
NP1P1       25   0.30000000000000000E+03  -0.99000000000000000E+02   0.10923054965327870E+02  -0.26417999999999999E+02   0.22600000000000001E+00   0.00000000000000000E+00   0.00000000000000000E+00   0.16522590692622950E+03
NP1P1       25   0.35000000000000000E+03  -0.99000000000000000E+02   0.43949249928752074E+01  -0.28417999999999999E+02   0.26100000000000001E+00   0.00000000000000000E+00   0.00000000000000000E+00   0.12572001912979007E+03
NP1F3       26   0.10000000000000000E+01  -0.99000000000000000E+02  -0.76863362833060417E-04   0.00000000000000000E+00   0.50000000000000001E-03   0.00000000000000000E+00   0.00000000000000000E+00  -0.15372672566612083E+00
NP1F3       26   0.50000000000000000E+01  -0.99000000000000000E+02  -0.11202492034482087E-01  -0.10000000000000000E-01   0.50000000000000001E-03   0.00000000000000000E+00   0.00000000000000000E+00  -0.24049840689641737E+01
NP1F3       26   0.10000000000000000E+02  -0.99000000000000000E+02  -0.66568969544841733E-01  -0.64000000000000001E-01   0.50000000000000001E-03   0.00000000000000000E+00   0.00000000000000000E+00  -0.51379390896834627E+01
NP1F3       26   0.25000000000000000E+02  -0.99000000000000000E+02  -0.42215714171490060E+00  -0.42099999999999999E+00   0.50000000000000001E-03   0.00000000000000000E+00   0.00000000000000000E+00  -0.23142834298012227E+01
NP1F3       26   0.50000000000000000E+02  -0.99000000000000000E+02  -0.11342227065507262E+01  -0.11419999999999999E+01   0.30000000000000001E-02   0.00000000000000000E+00   0.00000000000000000E+00   0.25924311497578976E+01
NP1F3       26   0.10000000000000000E+03  -0.99000000000000000E+02  -0.21826824028396508E+01  -0.23039999999999998E+01   0.21999999999999999E-01   0.00000000000000000E+00   0.00000000000000000E+00   0.55144362345613214E+01
NP1F3       26   0.15000000000000000E+03  -0.99000000000000000E+02  -0.26483174810378869E+01  -0.31779999999999999E+01   0.55000000000000000E-01   0.00000000000000000E+00   0.00000000000000000E+00   0.96305912538566005E+01
NP1F3       26   0.20000000000000000E+03  -0.99000000000000000E+02  -0.25113214289829195E+01  -0.39529999999999998E+01   0.85999999999999993E-01   0.00000000000000000E+00   0.00000000000000000E+00   0.16763704314152097E+02
NP1F3       26   0.25000000000000000E+03  -0.99000000000000000E+02  -0.18202023019308888E+01  -0.46719999999999997E+01   0.10199999999999999E+00   0.00000000000000000E+00   0.00000000000000000E+00   0.27958800961461872E+02
NP1F3       26   0.30000000000000000E+03  -0.99000000000000000E+02  -0.92099564646047782E+00  -0.52830000000000004E+01   0.10400000000000000E+00   0.00000000000000000E+00   0.00000000000000000E+00   0.41942349553264641E+02
NP1F3       26   0.35000000000000000E+03  -0.99000000000000000E+02  -0.28760288166535553E+00  -0.57039999999999997E+01   0.12500000000000000E+00   0.00000000000000000E+00   0.00000000000000000E+00   0.43331176946677154E+02
NP3D2       27   0.10000000000000000E+01  -0.99000000000000000E+02   0.60307754135926692E-02   0.60000000000000001E-02   0.50000000000000001E-03   0.00000000000000000E+00   0.00000000000000000E+00   0.61550827185338081E-01
NP3D2       27   0.50000000000000000E+01  -0.99000000000000000E+02   0.22386974537526569E+00   0.21900000000000000E+00   0.50000000000000001E-03   0.00000000000000000E+00   0.00000000000000000E+00   0.97394907505313757E+01
NP3D2       27   0.10000000000000000E+02  -0.99000000000000000E+02   0.85305296222911031E+00   0.84699999999999998E+00   0.10000000000000000E-02   0.00000000000000000E+00   0.00000000000000000E+00   0.60529622291103369E+01
NP3D2       27   0.25000000000000000E+02  -0.99000000000000000E+02   0.37371151363032036E+01   0.37290000000000001E+01   0.80000000000000002E-02   0.00000000000000000E+00   0.00000000000000000E+00   0.10143920379004356E+01
NP3D2       27   0.50000000000000000E+02  -0.99000000000000000E+02   0.90444846437904687E+01   0.90570000000000004E+01   0.27000000000000000E-01   0.00000000000000000E+00   0.00000000000000000E+00  -0.46353171146413713E+00
NP3D2       27   0.10000000000000000E+03  -0.99000000000000000E+02   0.17215959565705578E+02   0.17387000000000000E+02   0.49000000000000002E-01   0.00000000000000000E+00   0.00000000000000000E+00  -0.34906211080494343E+01
NP3D2       27   0.15000000000000000E+03  -0.99000000000000000E+02   0.20476467917190522E+02   0.21962000000000000E+02   0.66000000000000003E-01   0.00000000000000000E+00   0.00000000000000000E+00  -0.22508061860749660E+02
NP3D2       27   0.20000000000000000E+03  -0.99000000000000000E+02   0.18868974241731973E+02   0.24016999999999999E+02   0.85000000000000006E-01   0.00000000000000000E+00   0.00000000000000000E+00  -0.60565008920800310E+02
NP3D2       27   0.25000000000000000E+03  -0.99000000000000000E+02   0.13774408253506063E+02   0.24846000000000000E+02   0.96000000000000002E-01   0.00000000000000000E+00   0.00000000000000000E+00  -0.11532908069264516E+03
NP3D2       27   0.30000000000000000E+03  -0.99000000000000000E+02   0.75262458464901894E+01   0.25324000000000002E+02   0.11400000000000000E+00   0.00000000000000000E+00   0.00000000000000000E+00  -0.15612065046938432E+03
NP3D2       27   0.35000000000000000E+03  -0.99000000000000000E+02   0.27028147044250259E+01   0.25949999999999999E+02   0.18900000000000000E+00   0.00000000000000000E+00   0.00000000000000000E+00  -0.12300098039986757E+03
NP3G4       28   0.10000000000000000E+01  -0.99000000000000000E+02   0.20375594723889284E-05   0.00000000000000000E+00   0.50000000000000001E-03   0.00000000000000000E+00   0.00000000000000000E+00   0.40751189447778566E-02
NP3G4       28   0.50000000000000000E+01  -0.99000000000000000E+02   0.13080547689091643E-02   0.10000000000000000E-02   0.50000000000000001E-03   0.00000000000000000E+00   0.00000000000000000E+00   0.61610953781832856E+00
NP3G4       28   0.10000000000000000E+02  -0.99000000000000000E+02   0.13762527440356503E-01   0.12000000000000000E-01   0.50000000000000001E-03   0.00000000000000000E+00   0.00000000000000000E+00   0.35250548807130055E+01
NP3G4       28   0.25000000000000000E+02  -0.99000000000000000E+02   0.17071216108517998E+00   0.17000000000000001E+00   0.50000000000000001E-03   0.00000000000000000E+00   0.00000000000000000E+00   0.14243221703599263E+01
NP3G4       28   0.50000000000000000E+02  -0.99000000000000000E+02   0.71991516838700875E+00   0.72699999999999998E+00   0.10000000000000000E-02   0.00000000000000000E+00   0.00000000000000000E+00  -0.70848316129912270E+01
NP3G4       28   0.10000000000000000E+03  -0.99000000000000000E+02   0.21091980493788935E+01   0.22480000000000002E+01   0.10000000000000000E-01   0.00000000000000000E+00   0.00000000000000000E+00  -0.13880195062110667E+02
NP3G4       28   0.15000000000000000E+03  -0.99000000000000000E+02   0.32407106152314067E+01   0.38919999999999999E+01   0.33000000000000002E-01   0.00000000000000000E+00   0.00000000000000000E+00  -0.19736041962684642E+02
NP3G4       28   0.20000000000000000E+03  -0.99000000000000000E+02   0.36183103241688679E+01   0.54840000000000000E+01   0.57000000000000002E-01   0.00000000000000000E+00   0.00000000000000000E+00  -0.32731397821598804E+02
NP3G4       28   0.25000000000000000E+03  -0.99000000000000000E+02   0.30037862498030847E+01   0.68849999999999998E+01   0.70000000000000007E-01   0.00000000000000000E+00   0.00000000000000000E+00  -0.55445910717098783E+02
NP3G4       28   0.30000000000000000E+03  -0.99000000000000000E+02   0.17450480412271563E+01   0.79859999999999998E+01   0.78000000000000000E-01   0.00000000000000000E+00   0.00000000000000000E+00  -0.80012204599651838E+02
NP3G4       28   0.35000000000000000E+03  -0.99000000000000000E+02   0.63212554835598522E+00   0.87289999999999992E+01   0.10400000000000000E+00   0.00000000000000000E+00   0.00000000000000000E+00  -0.77854562035038597E+02
NP3S1       29   0.10000000000000000E+01  -0.99000000000000000E+02  -0.32338604985921819E+02  -0.32353000000000002E+02   0.10000000000000000E-01   0.00000000000000000E+00   0.00000000000000000E+00   0.14395014078182555E+01
NP3S1       29   0.50000000000000000E+01  -0.99000000000000000E+02  -0.62097716620259440E+02  -0.62045999999999999E+02   0.21999999999999999E-01   0.00000000000000000E+00   0.00000000000000000E+00  -0.23507554663382280E+01
NP3S1       29   0.10000000000000000E+02  -0.99000000000000000E+02  -0.77868212700642033E+02  -0.77707999999999998E+02   0.31000000000000000E-01   0.00000000000000000E+00   0.00000000000000000E+00  -0.51681516336140207E+01
NP3S1       29   0.25000000000000000E+02  -0.99000000000000000E+02   0.79556175429175127E+02   0.80135999999999996E+02   0.43999999999999997E-01   0.00000000000000000E+00   0.00000000000000000E+00  -0.13177831155110651E+02
NP3S1       29   0.50000000000000000E+02  -0.99000000000000000E+02   0.60573362833403515E+02   0.62159999999999997E+02   0.52999999999999999E-01   0.00000000000000000E+00   0.00000000000000000E+00  -0.29936550313141172E+02
NP3S1       29   0.10000000000000000E+03  -0.99000000000000000E+02   0.38020457898181135E+02   0.42712000000000003E+02   0.52999999999999999E-01   0.00000000000000000E+00   0.00000000000000000E+00  -0.88519662298469214E+02
NP3S1       29   0.15000000000000000E+03  -0.99000000000000000E+02   0.21434875056930398E+02   0.30391999999999999E+02   0.58000000000000003E-01   0.00000000000000000E+00   0.00000000000000000E+00  -0.15443318867361381E+03
NP3S1       29   0.20000000000000000E+03  -0.99000000000000000E+02   0.74775367818714846E+01   0.20936000000000000E+02   0.71999999999999995E-01   0.00000000000000000E+00   0.00000000000000000E+00  -0.18692310025178494E+03
NP3S1       29   0.25000000000000000E+03  -0.99000000000000000E+02  -0.32198620921959118E+01   0.12945000000000000E+02   0.86999999999999994E-01   0.00000000000000000E+00   0.00000000000000000E+00  -0.18580301255397600E+03
NP3S1       29   0.30000000000000000E+03  -0.99000000000000000E+02  -0.78283018855726940E+01   0.58369999999999997E+01   0.98000000000000004E-01   0.00000000000000000E+00   0.00000000000000000E+00  -0.13944185597523156E+03
NP3S1       29   0.35000000000000000E+03  -0.99000000000000000E+02  -0.50715695585036293E+01  -0.64400000000000002E+00   0.10500000000000000E+00   0.00000000000000000E+00   0.00000000000000000E+00  -0.42167329128605992E+02
NPE1        30   0.10000000000000000E+01  -0.99000000000000000E+02  -0.10604807705891565E+00  -0.10400000000000000E+00   0.10000000000000000E-02   0.00000000000000000E+00   0.00000000000000000E+00  -0.20480770589156592E+01
NPE1        30   0.50000000000000000E+01  -0.99000000000000000E+02  -0.67888198095279162E+00  -0.65700000000000003E+00   0.40000000000000001E-02   0.00000000000000000E+00   0.00000000000000000E+00  -0.54704952381978975E+01
NPE1        30   0.10000000000000000E+02  -0.99000000000000000E+02  -0.11724168038248488E+01  -0.11250000000000000E+01   0.89999999999999993E-02   0.00000000000000000E+00   0.00000000000000000E+00  -0.52685337583165346E+01
NPE1        30   0.25000000000000000E+02  -0.99000000000000000E+02   0.17974979347126760E+01   0.17340000000000000E+01   0.20000000000000000E-01   0.00000000000000000E+00   0.00000000000000000E+00   0.31748967356338031E+01
NPE1        30   0.50000000000000000E+02  -0.99000000000000000E+02   0.19981653973177458E+01   0.20569999999999999E+01   0.36999999999999998E-01   0.00000000000000000E+00   0.00000000000000000E+00  -0.15901243968176799E+01
NPE1        30   0.10000000000000000E+03  -0.99000000000000000E+02   0.16016745928013751E+01   0.24729999999999999E+01   0.68000000000000005E-01   0.00000000000000000E+00   0.00000000000000000E+00  -0.12813608929391538E+02
NPE1        30   0.15000000000000000E+03  -0.99000000000000000E+02   0.37406115615208535E+00   0.29380000000000002E+01   0.95000000000000001E-01   0.00000000000000000E+00   0.00000000000000000E+00  -0.26988829935241210E+02
NPE1        30   0.20000000000000000E+03  -0.99000000000000000E+02  -0.18352573459840269E+01   0.34480000000000000E+01   0.11200000000000000E+00   0.00000000000000000E+00   0.00000000000000000E+00  -0.47171940589143098E+02
NPE1        30   0.25000000000000000E+03  -0.99000000000000000E+02  -0.44074860369466711E+01   0.40359999999999996E+01   0.11100000000000000E+00   0.00000000000000000E+00   0.00000000000000000E+00  -0.76067441774294323E+02
NPE1        30   0.30000000000000000E+03  -0.99000000000000000E+02  -0.50557985707874069E+01   0.47530000000000001E+01   0.11300000000000000E+00   0.00000000000000000E+00   0.00000000000000000E+00  -0.86803527175109792E+02
NPE1        30   0.35000000000000000E+03  -0.99000000000000000E+02  -0.27530482416686177E+01   0.56100000000000003E+01   0.16900000000000001E+00   0.00000000000000000E+00   0.00000000000000000E+00  -0.49485492554252176E+02
NP3D1       31   0.10000000000000000E+01  -0.99000000000000000E+02  -0.52594448049920689E-02  -0.50000000000000001E-02   0.50000000000000001E-03   0.00000000000000000E+00   0.00000000000000000E+00  -0.51888960998413769E+00
NP3D1       31   0.50000000000000000E+01  -0.99000000000000000E+02  -0.18681105389016173E+00  -0.17999999999999999E+00   0.50000000000000001E-03   0.00000000000000000E+00   0.00000000000000000E+00  -0.13622107780323466E+02
NP3D1       31   0.10000000000000000E+02  -0.99000000000000000E+02  -0.69139759620860064E+00  -0.67100000000000004E+00   0.20000000000000000E-02   0.00000000000000000E+00   0.00000000000000000E+00  -0.10198798104300300E+02
NP3D1       31   0.25000000000000000E+02  -0.99000000000000000E+02  -0.28805839622652063E+01  -0.27879999999999998E+01   0.89999999999999993E-02   0.00000000000000000E+00   0.00000000000000000E+00  -0.10287106918356278E+02
NP3D1       31   0.50000000000000000E+02  -0.99000000000000000E+02  -0.66992502232458806E+01  -0.64230000000000000E+01   0.25999999999999999E-01   0.00000000000000000E+00   0.00000000000000000E+00  -0.10625008586380021E+02
NP3D1       31   0.10000000000000000E+03  -0.99000000000000000E+02  -0.12952706519379531E+02  -0.12198000000000000E+02   0.48000000000000001E-01   0.00000000000000000E+00   0.00000000000000000E+00  -0.15723052487073545E+02
NP3D1       31   0.15000000000000000E+03  -0.99000000000000000E+02  -0.17087566897262597E+02  -0.16407000000000000E+02   0.58000000000000003E-01   0.00000000000000000E+00   0.00000000000000000E+00  -0.11733912021768919E+02
NP3D1       31   0.20000000000000000E+03  -0.99000000000000000E+02  -0.18091373497387970E+02  -0.19681999999999999E+02   0.70999999999999994E-01   0.00000000000000000E+00   0.00000000000000000E+00   0.22403190177634208E+02
NP3D1       31   0.25000000000000000E+03  -0.99000000000000000E+02  -0.14581286350312261E+02  -0.22324000000000002E+02   0.80000000000000002E-01   0.00000000000000000E+00   0.00000000000000000E+00   0.96783920621096755E+02
NP3D1       31   0.30000000000000000E+03  -0.99000000000000000E+02  -0.79219070412708641E+01  -0.24369000000000000E+02   0.10800000000000000E+00   0.00000000000000000E+00   0.00000000000000000E+00   0.15228789776601053E+03
NP3D1       31   0.35000000000000000E+03  -0.99000000000000000E+02  -0.25559552463700888E+01  -0.25699000000000002E+02   0.19100000000000000E+00   0.00000000000000000E+00   0.00000000000000000E+00   0.12116777357921420E+03
NP3D3       32   0.10000000000000000E+01  -0.99000000000000000E+02   0.55516208616295728E-04   0.00000000000000000E+00   0.50000000000000001E-03   0.00000000000000000E+00   0.00000000000000000E+00   0.11103241723259145E+00
NP3D3       32   0.50000000000000000E+01  -0.99000000000000000E+02  -0.39958838828819786E-04   0.20000000000000000E-02   0.50000000000000001E-03   0.00000000000000000E+00   0.00000000000000000E+00  -0.40799176776576394E+01
NP3D3       32   0.10000000000000000E+02  -0.99000000000000000E+02  -0.62946631828401109E-02   0.50000000000000001E-02   0.50000000000000001E-03   0.00000000000000000E+00   0.00000000000000000E+00  -0.22589326365680222E+02
NP3D3       32   0.25000000000000000E+02  -0.99000000000000000E+02  -0.57788613260195777E-01   0.42999999999999997E-01   0.10000000000000000E-02   0.00000000000000000E+00   0.00000000000000000E+00  -0.10078861326019577E+03
NP3D3       32   0.50000000000000000E+02  -0.99000000000000000E+02  -0.14659896117225787E+00   0.31500000000000000E+00   0.40000000000000001E-02   0.00000000000000000E+00   0.00000000000000000E+00  -0.11539974029306445E+03
NP3D3       32   0.10000000000000000E+03  -0.99000000000000000E+02  -0.25708097512431749E+00   0.14440000000000000E+01   0.16000000000000000E-01   0.00000000000000000E+00   0.00000000000000000E+00  -0.10631756094526983E+03
NP3D3       32   0.15000000000000000E+03  -0.99000000000000000E+02  -0.36570886440967076E+00   0.26429999999999998E+01   0.33000000000000002E-01   0.00000000000000000E+00   0.00000000000000000E+00  -0.91172995891202135E+02
NP3D3       32   0.20000000000000000E+03  -0.99000000000000000E+02  -0.44421277090737016E+00   0.34849999999999999E+01   0.50999999999999997E-01   0.00000000000000000E+00   0.00000000000000000E+00  -0.77043387664850400E+02
NP3D3       32   0.25000000000000000E+03  -0.99000000000000000E+02  -0.38178925744827086E+00   0.39310000000000000E+01   0.70999999999999994E-01   0.00000000000000000E+00   0.00000000000000000E+00  -0.60743510668285516E+02
NP3D3       32   0.30000000000000000E+03  -0.99000000000000000E+02  -0.18341657125884811E+00   0.40990000000000002E+01   0.95000000000000001E-01   0.00000000000000000E+00   0.00000000000000000E+00  -0.45078069171145778E+02
NP3D3       32   0.35000000000000000E+03  -0.99000000000000000E+02  -0.36609528668602384E-01   0.41210000000000004E+01   0.12100000000000000E+00   0.00000000000000000E+00   0.00000000000000000E+00  -0.34360409327839697E+02
NPE3        33   0.10000000000000000E+01  -0.99000000000000000E+02   0.89465826375950916E-04   0.00000000000000000E+00   0.50000000000000001E-03   0.00000000000000000E+00   0.00000000000000000E+00   0.17893165275190182E+00
NPE3        33   0.50000000000000000E+01  -0.99000000000000000E+02   0.13379434519504203E-01   0.12000000000000000E-01   0.50000000000000001E-03   0.00000000000000000E+00   0.00000000000000000E+00   0.27588690390084047E+01
NPE3        33   0.10000000000000000E+02  -0.99000000000000000E+02   0.81759974473147146E-01   0.80000000000000002E-01   0.50000000000000001E-03   0.00000000000000000E+00   0.00000000000000000E+00   0.35199489462942877E+01
NPE3        33   0.25000000000000000E+02  -0.99000000000000000E+02   0.55414250754458094E+00   0.55300000000000005E+00   0.50000000000000001E-03   0.00000000000000000E+00   0.00000000000000000E+00   0.22850150891617904E+01
NPE3        33   0.50000000000000000E+02  -0.99000000000000000E+02   0.16142330556310915E+01   0.16150000000000000E+01   0.30000000000000001E-02   0.00000000000000000E+00   0.00000000000000000E+00  -0.25564812296948364E+00
NPE3        33   0.10000000000000000E+03  -0.99000000000000000E+02   0.35026761123658674E+01   0.34980000000000002E+01   0.16000000000000000E-01   0.00000000000000000E+00   0.00000000000000000E+00   0.29225702286669875E+00
NPE3        33   0.15000000000000000E+03  -0.99000000000000000E+02   0.47139880604754199E+01   0.48250000000000002E+01   0.28000000000000001E-01   0.00000000000000000E+00   0.00000000000000000E+00  -0.39647121258778686E+01
NPE3        33   0.20000000000000000E+03  -0.99000000000000000E+02   0.49516980854617207E+01   0.57489999999999997E+01   0.34000000000000002E-01   0.00000000000000000E+00   0.00000000000000000E+00  -0.23450056309949378E+02
NPE3        33   0.25000000000000000E+03  -0.99000000000000000E+02   0.39813065306690612E+01   0.64269999999999996E+01   0.42999999999999997E-01   0.00000000000000000E+00   0.00000000000000000E+00  -0.56876592310021827E+02
NPE3        33   0.30000000000000000E+03  -0.99000000000000000E+02   0.22261023886245486E+01   0.69379999999999997E+01   0.52999999999999999E-01   0.00000000000000000E+00   0.00000000000000000E+00  -0.88903728516517944E+02
NPE3        33   0.35000000000000000E+03  -0.99000000000000000E+02   0.76249259024702809E+00   0.72939999999999996E+01   0.64000000000000001E-01   0.00000000000000000E+00   0.00000000000000000E+00  -0.10205480327739018E+03
NP3G3       34   0.10000000000000000E+01  -0.99000000000000000E+02  -0.52616396871526055E-06   0.00000000000000000E+00   0.50000000000000001E-03   0.00000000000000000E+00   0.00000000000000000E+00  -0.10523279374305210E-02
NP3G3       34   0.50000000000000000E+01  -0.99000000000000000E+02  -0.35249721419785559E-03   0.00000000000000000E+00   0.50000000000000001E-03   0.00000000000000000E+00   0.00000000000000000E+00  -0.70499442839571114E+00
NP3G3       34   0.10000000000000000E+02  -0.99000000000000000E+02  -0.38690920474442436E-02  -0.30000000000000001E-02   0.50000000000000001E-03   0.00000000000000000E+00   0.00000000000000000E+00  -0.17381840948884870E+01
NP3G3       34   0.25000000000000000E+02  -0.99000000000000000E+02  -0.53567670379165218E-01  -0.52999999999999999E-01   0.50000000000000001E-03   0.00000000000000000E+00   0.00000000000000000E+00  -0.11353407583304387E+01
NP3G3       34   0.50000000000000000E+02  -0.99000000000000000E+02  -0.26226345291663056E+00  -0.26500000000000001E+00   0.10000000000000000E-02   0.00000000000000000E+00   0.00000000000000000E+00   0.27365470833694561E+01
NP3G3       34   0.10000000000000000E+03  -0.99000000000000000E+02  -0.94728977138155601E+00  -0.99600000000000000E+00   0.89999999999999993E-02   0.00000000000000000E+00   0.00000000000000000E+00   0.54122476242715543E+01
NP3G3       34   0.15000000000000000E+03  -0.99000000000000000E+02  -0.16989695681606551E+01  -0.19190000000000000E+01   0.29999999999999999E-01   0.00000000000000000E+00   0.00000000000000000E+00   0.73343477279781633E+01
NP3G3       34   0.20000000000000000E+03  -0.99000000000000000E+02  -0.21586433619480476E+01  -0.28790000000000000E+01   0.52999999999999999E-01   0.00000000000000000E+00   0.00000000000000000E+00   0.13591634680225518E+02
NP3G3       34   0.25000000000000000E+03  -0.99000000000000000E+02  -0.19569195420068672E+01  -0.37989999999999999E+01   0.69000000000000006E-01   0.00000000000000000E+00   0.00000000000000000E+00   0.26696818231784530E+02
NP3G3       34   0.30000000000000000E+03  -0.99000000000000000E+02  -0.11541718739971785E+01  -0.46689999999999996E+01   0.84000000000000005E-01   0.00000000000000000E+00   0.00000000000000000E+00   0.41843191976224055E+02
NP3G3       34   0.35000000000000000E+03  -0.99000000000000000E+02  -0.39581147446029319E+00  -0.55170000000000003E+01   0.11799999999999999E+00   0.00000000000000000E+00   0.00000000000000000E+00   0.43399902758811081E+02
H2E     100001  -0.99000000000000000E+02  -0.99000000000000000E+02   0.00000000000000000E+00   0.00000000000000000E+00   0.10000000000000000E+01   0.00000000000000000E+00   0.00000000000000000E+00   0.00000000000000000E+00
H2E     100002  -0.99000000000000000E+02  -0.99000000000000000E+02   0.00000000000000000E+00   0.00000000000000000E+00   0.10000000000000000E+01   0.00000000000000000E+00   0.00000000000000000E+00   0.00000000000000000E+00
H2E     100003  -0.99000000000000000E+02  -0.99000000000000000E+02   0.00000000000000000E+00   0.00000000000000000E+00   0.10000000000000000E+01   0.00000000000000000E+00   0.00000000000000000E+00   0.00000000000000000E+00
H2E     100004  -0.99000000000000000E+02  -0.99000000000000000E+02   0.00000000000000000E+00   0.00000000000000000E+00   0.10000000000000000E+01   0.00000000000000000E+00   0.00000000000000000E+00   0.00000000000000000E+00
H2E     100005  -0.99000000000000000E+02  -0.99000000000000000E+02   0.00000000000000000E+00   0.00000000000000000E+00   0.10000000000000000E+01   0.00000000000000000E+00   0.00000000000000000E+00   0.00000000000000000E+00
H2E     100006  -0.99000000000000000E+02  -0.99000000000000000E+02   0.00000000000000000E+00   0.00000000000000000E+00   0.10000000000000000E+01   0.00000000000000000E+00   0.00000000000000000E+00   0.00000000000000000E+00
H2E     100007  -0.99000000000000000E+02  -0.99000000000000000E+02   0.00000000000000000E+00   0.00000000000000000E+00   0.10000000000000000E+01   0.00000000000000000E+00   0.00000000000000000E+00   0.00000000000000000E+00
H2E     100008  -0.99000000000000000E+02  -0.99000000000000000E+02   0.00000000000000000E+00   0.00000000000000000E+00   0.10000000000000000E+01   0.00000000000000000E+00   0.00000000000000000E+00   0.00000000000000000E+00
H2E     100009  -0.99000000000000000E+02  -0.99000000000000000E+02   0.00000000000000000E+00   0.00000000000000000E+00   0.10000000000000000E+01   0.00000000000000000E+00   0.00000000000000000E+00   0.00000000000000000E+00
H2E     100010  -0.99000000000000000E+02  -0.99000000000000000E+02   0.00000000000000000E+00   0.00000000000000000E+00   0.10000000000000000E+01   0.00000000000000000E+00   0.00000000000000000E+00   0.00000000000000000E+00
H2E     100011  -0.99000000000000000E+02  -0.99000000000000000E+02   0.00000000000000000E+00   0.00000000000000000E+00   0.10000000000000000E+01   0.00000000000000000E+00   0.00000000000000000E+00   0.00000000000000000E+00
H2E     100012  -0.99000000000000000E+02  -0.99000000000000000E+02   0.00000000000000000E+00   0.00000000000000000E+00   0.10000000000000000E+01   0.00000000000000000E+00   0.00000000000000000E+00   0.00000000000000000E+00
H2E     100013  -0.99000000000000000E+02  -0.99000000000000000E+02   0.00000000000000000E+00   0.00000000000000000E+00   0.10000000000000000E+01   0.00000000000000000E+00   0.00000000000000000E+00   0.00000000000000000E+00
H2E     100014  -0.99000000000000000E+02  -0.99000000000000000E+02   0.00000000000000000E+00   0.00000000000000000E+00   0.10000000000000000E+01   0.00000000000000000E+00   0.00000000000000000E+00   0.00000000000000000E+00
H2E     100015  -0.99000000000000000E+02  -0.99000000000000000E+02   0.00000000000000000E+00   0.00000000000000000E+00   0.10000000000000000E+01   0.00000000000000000E+00   0.00000000000000000E+00   0.00000000000000000E+00
H2E     100016  -0.99000000000000000E+02  -0.99000000000000000E+02   0.00000000000000000E+00   0.00000000000000000E+00   0.10000000000000000E+01   0.00000000000000000E+00   0.00000000000000000E+00   0.00000000000000000E+00
H2E     100017  -0.99000000000000000E+02  -0.99000000000000000E+02   0.00000000000000000E+00   0.00000000000000000E+00   0.10000000000000000E+01   0.00000000000000000E+00   0.00000000000000000E+00   0.00000000000000000E+00
H2E     100018  -0.99000000000000000E+02  -0.99000000000000000E+02   0.00000000000000000E+00   0.00000000000000000E+00   0.10000000000000000E+01   0.00000000000000000E+00   0.00000000000000000E+00   0.00000000000000000E+00
H2E     100019  -0.99000000000000000E+02  -0.99000000000000000E+02   0.00000000000000000E+00   0.00000000000000000E+00   0.10000000000000000E+01   0.00000000000000000E+00   0.00000000000000000E+00   0.00000000000000000E+00
H2E     100020  -0.99000000000000000E+02  -0.99000000000000000E+02   0.00000000000000000E+00   0.00000000000000000E+00   0.10000000000000000E+01   0.00000000000000000E+00   0.00000000000000000E+00   0.00000000000000000E+00
H2E     100021  -0.99000000000000000E+02  -0.99000000000000000E+02   0.00000000000000000E+00   0.00000000000000000E+00   0.10000000000000000E+01   0.00000000000000000E+00   0.00000000000000000E+00   0.00000000000000000E+00
H2E     100022  -0.99000000000000000E+02  -0.99000000000000000E+02   0.00000000000000000E+00   0.00000000000000000E+00   0.10000000000000000E+01   0.00000000000000000E+00   0.00000000000000000E+00   0.00000000000000000E+00
H2E     100023  -0.99000000000000000E+02  -0.99000000000000000E+02   0.00000000000000000E+00   0.00000000000000000E+00   0.10000000000000000E+01   0.00000000000000000E+00   0.00000000000000000E+00   0.00000000000000000E+00
H2E     100024  -0.99000000000000000E+02  -0.99000000000000000E+02   0.00000000000000000E+00   0.00000000000000000E+00   0.10000000000000000E+01   0.00000000000000000E+00   0.00000000000000000E+00   0.00000000000000000E+00
H2E     100025  -0.99000000000000000E+02  -0.99000000000000000E+02  -0.22345730584840382E+01  -0.22245750000000002E+01   0.22245750000000002E+01   0.00000000000000000E+00   0.00000000000000000E+00  -0.44943679057968412E-02
H2R     100025  -0.99000000000000000E+02  -0.99000000000000000E+02   0.19747932537694521E+01   0.19753499999999999E+01   0.19753499999999999E+01   0.00000000000000000E+00   0.00000000000000000E+00  -0.28184687804581464E-03
H2Q     100025  -0.99000000000000000E+02  -0.99000000000000000E+02   0.26783494361960569E+00   0.27000000000000002E+00   0.27000000000000002E+00   0.00000000000000000E+00   0.00000000000000000E+00  -0.80187273347937984E-02
H2E     100026  -0.99000000000000000E+02  -0.99000000000000000E+02   0.00000000000000000E+00   0.00000000000000000E+00   0.10000000000000000E+01   0.00000000000000000E+00   0.00000000000000000E+00   0.00000000000000000E+00
H2E     100027  -0.99000000000000000E+02  -0.99000000000000000E+02   0.00000000000000000E+00   0.00000000000000000E+00   0.10000000000000000E+01   0.00000000000000000E+00   0.00000000000000000E+00   0.00000000000000000E+00
H2E     100028  -0.99000000000000000E+02  -0.99000000000000000E+02   0.00000000000000000E+00   0.00000000000000000E+00   0.10000000000000000E+01   0.00000000000000000E+00   0.00000000000000000E+00   0.00000000000000000E+00
H2E     100029  -0.99000000000000000E+02  -0.99000000000000000E+02   0.00000000000000000E+00   0.00000000000000000E+00   0.10000000000000000E+01   0.00000000000000000E+00   0.00000000000000000E+00   0.00000000000000000E+00
H2E     100030  -0.99000000000000000E+02  -0.99000000000000000E+02   0.00000000000000000E+00   0.00000000000000000E+00   0.10000000000000000E+01   0.00000000000000000E+00   0.00000000000000000E+00   0.00000000000000000E+00
H2E     100031  -0.99000000000000000E+02  -0.99000000000000000E+02   0.00000000000000000E+00   0.00000000000000000E+00   0.10000000000000000E+01   0.00000000000000000E+00   0.00000000000000000E+00   0.00000000000000000E+00
H2E     100032  -0.99000000000000000E+02  -0.99000000000000000E+02   0.00000000000000000E+00   0.00000000000000000E+00   0.10000000000000000E+01   0.00000000000000000E+00   0.00000000000000000E+00   0.00000000000000000E+00
H2E     100033  -0.99000000000000000E+02  -0.99000000000000000E+02   0.00000000000000000E+00   0.00000000000000000E+00   0.10000000000000000E+01   0.00000000000000000E+00   0.00000000000000000E+00   0.00000000000000000E+00
H2E     100034  -0.99000000000000000E+02  -0.99000000000000000E+02   0.00000000000000000E+00   0.00000000000000000E+00   0.10000000000000000E+01   0.00000000000000000E+00   0.00000000000000000E+00   0.00000000000000000E+00
H2E     100035  -0.99000000000000000E+02  -0.99000000000000000E+02   0.00000000000000000E+00   0.00000000000000000E+00   0.10000000000000000E+01   0.00000000000000000E+00   0.00000000000000000E+00   0.00000000000000000E+00
H2E     100036  -0.99000000000000000E+02  -0.99000000000000000E+02   0.00000000000000000E+00   0.00000000000000000E+00   0.10000000000000000E+01   0.00000000000000000E+00   0.00000000000000000E+00   0.00000000000000000E+00
H2E     100037  -0.99000000000000000E+02  -0.99000000000000000E+02   0.00000000000000000E+00   0.00000000000000000E+00   0.10000000000000000E+01   0.00000000000000000E+00   0.00000000000000000E+00   0.00000000000000000E+00
H2E     100038  -0.99000000000000000E+02  -0.99000000000000000E+02   0.00000000000000000E+00   0.00000000000000000E+00   0.10000000000000000E+01   0.00000000000000000E+00   0.00000000000000000E+00   0.00000000000000000E+00
H2E     100039  -0.99000000000000000E+02  -0.99000000000000000E+02   0.00000000000000000E+00   0.00000000000000000E+00   0.10000000000000000E+01   0.00000000000000000E+00   0.00000000000000000E+00   0.00000000000000000E+00
H2E     100040  -0.99000000000000000E+02  -0.99000000000000000E+02   0.00000000000000000E+00   0.00000000000000000E+00   0.10000000000000000E+01   0.00000000000000000E+00   0.00000000000000000E+00   0.00000000000000000E+00
H2E     100041  -0.99000000000000000E+02  -0.99000000000000000E+02   0.00000000000000000E+00   0.00000000000000000E+00   0.10000000000000000E+01   0.00000000000000000E+00   0.00000000000000000E+00   0.00000000000000000E+00
H2E     100042  -0.99000000000000000E+02  -0.99000000000000000E+02   0.00000000000000000E+00   0.00000000000000000E+00   0.10000000000000000E+01   0.00000000000000000E+00   0.00000000000000000E+00   0.00000000000000000E+00
H2E     100043  -0.99000000000000000E+02  -0.99000000000000000E+02   0.00000000000000000E+00   0.00000000000000000E+00   0.10000000000000000E+01   0.00000000000000000E+00   0.00000000000000000E+00   0.00000000000000000E+00
H2E     100044  -0.99000000000000000E+02  -0.99000000000000000E+02   0.00000000000000000E+00   0.00000000000000000E+00   0.10000000000000000E+01   0.00000000000000000E+00   0.00000000000000000E+00   0.00000000000000000E+00
H2E     100045  -0.99000000000000000E+02  -0.99000000000000000E+02   0.00000000000000000E+00   0.00000000000000000E+00   0.10000000000000000E+01   0.00000000000000000E+00   0.00000000000000000E+00   0.00000000000000000E+00
H2E     100046  -0.99000000000000000E+02  -0.99000000000000000E+02   0.00000000000000000E+00   0.00000000000000000E+00   0.10000000000000000E+01   0.00000000000000000E+00   0.00000000000000000E+00   0.00000000000000000E+00
H2E     100047  -0.99000000000000000E+02  -0.99000000000000000E+02   0.00000000000000000E+00   0.00000000000000000E+00   0.10000000000000000E+01   0.00000000000000000E+00   0.00000000000000000E+00   0.00000000000000000E+00
H2E     100048  -0.99000000000000000E+02  -0.99000000000000000E+02   0.00000000000000000E+00   0.00000000000000000E+00   0.10000000000000000E+01   0.00000000000000000E+00   0.00000000000000000E+00   0.00000000000000000E+00
H2E     100049  -0.99000000000000000E+02  -0.99000000000000000E+02   0.00000000000000000E+00   0.00000000000000000E+00   0.10000000000000000E+01   0.00000000000000000E+00   0.00000000000000000E+00   0.00000000000000000E+00
H2E     100050  -0.99000000000000000E+02  -0.99000000000000000E+02   0.00000000000000000E+00   0.00000000000000000E+00   0.10000000000000000E+01   0.00000000000000000E+00   0.00000000000000000E+00   0.00000000000000000E+00
H2E     100051  -0.99000000000000000E+02  -0.99000000000000000E+02   0.00000000000000000E+00   0.00000000000000000E+00   0.10000000000000000E+01   0.00000000000000000E+00   0.00000000000000000E+00   0.00000000000000000E+00
H2E     100052  -0.99000000000000000E+02  -0.99000000000000000E+02   0.00000000000000000E+00   0.00000000000000000E+00   0.10000000000000000E+01   0.00000000000000000E+00   0.00000000000000000E+00   0.00000000000000000E+00
H3E     300000  -0.99000000000000000E+02  -0.99000000000000000E+02  -0.84820482164072590E+01  -0.84817950000000000E+01   0.50890769999999995E-01   0.00000000000000000E+00   0.00000000000000000E+00  -0.49756843384185460E-02
H3R     300000  -0.99000000000000000E+02  -0.99000000000000000E+02   0.15963998651772204E+01   0.15870000000000000E+01   0.95219999999999992E-02   0.00000000000000000E+00   0.00000000000000000E+00   0.98717340655539476E+00
He3E    300000  -0.99000000000000000E+02  -0.99000000000000000E+02  -0.77172468695589727E+01  -0.77180400000000002E+01   0.46308239999999994E-01   0.00000000000000000E+00   0.00000000000000000E+00   0.17127198982893298E-01
He3R    300000  -0.99000000000000000E+02  -0.99000000000000000E+02   0.17784389149933848E+01   0.17700000000000000E+01   0.10620000000000001E-01   0.00000000000000000E+00   0.00000000000000000E+00   0.79462476397220172E+00
He4E    300000  -0.99000000000000000E+02  -0.99000000000000000E+02  -0.28303910588291270E+02  -0.28295660000000002E+02   0.16977396000000000E+00   0.00000000000000000E+00   0.00000000000000000E+00  -0.48597489810972526E-01
He4R    300000  -0.99000000000000000E+02  -0.99000000000000000E+02   0.14525127489619534E+01   0.14550000000000001E+01   0.87299999999999999E-02   0.00000000000000000E+00   0.00000000000000000E+00  -0.28490848087591070E+00
a_pp    300002   0.00000000000000000E+00  -0.99000000000000000E+02  -0.79881020315228826E+01  -0.78196000000000003E+01   0.78196000000000006E-03   0.00000000000000000E+00   0.00000000000000000E+00  -0.21548676597636992E+03
r_pp    300002   0.00000000000000000E+00  -0.99000000000000000E+02   0.28300920949696384E+01   0.27900000000000000E+01   0.69750000000000003E-02   0.00000000000000000E+00   0.00000000000000000E+00   0.57479706049660777E+01
a_np    300002   0.00000000000000000E+00  -0.99000000000000000E+02  -0.23983835794032135E+02  -0.23739999999999998E+02   0.23739999999999998E-02   0.00000000000000000E+00   0.00000000000000000E+00  -0.10271094946593797E+03
r_np    300002   0.00000000000000000E+00  -0.99000000000000000E+02   0.27766473693459708E+01   0.27700000000000000E+01   0.27700000000000003E-02   0.00000000000000000E+00   0.00000000000000000E+00   0.23997723270652584E+01
a_nn    300002   0.00000000000000000E+00  -0.99000000000000000E+02  -0.19945240812164403E+02  -0.18949999999999999E+02   0.28424999999999995E+00   0.00000000000000000E+00   0.00000000000000000E+00  -0.35012869381333482E+01
r_nn    300002   0.00000000000000000E+00  -0.99000000000000000E+02   0.28767073972385941E+01   0.27500000000000000E+01   0.13750000000000000E-01   0.00000000000000000E+00   0.00000000000000000E+00   0.92150834355341189E+01
