PP1S0        1   0.10000000000000000E+01  -0.99000000000000000E+02   0.32723577973418855E+02   0.32651000000000003E+02   0.30000000000000001E-02   0.00000000000000000E+00   0.00000000000000000E+00   0.24192657806284029E+02
PP1S0        1   0.50000000000000000E+01  -0.99000000000000000E+02   0.54437186096637070E+02   0.54841000000000001E+02   0.60000000000000001E-02   0.00000000000000000E+00   0.00000000000000000E+00  -0.67302317227155115E+02
PP1S0        1   0.10000000000000000E+02  -0.99000000000000000E+02   0.54498791298099952E+02   0.55256000000000000E+02   0.10000000000000000E-01   0.00000000000000000E+00   0.00000000000000000E+00  -0.75720870190004774E+02
PP1S0        1   0.25000000000000000E+02  -0.99000000000000000E+02   0.47214574114362271E+02   0.48789000000000001E+02   0.12999999999999999E-01   0.00000000000000000E+00   0.00000000000000000E+00  -0.12110968351059462E+03
PP1S0        1   0.50000000000000000E+02  -0.99000000000000000E+02   0.36303278173242404E+02   0.39185000000000002E+02   0.17000000000000001E-01   0.00000000000000000E+00   0.00000000000000000E+00  -0.16951304863279987E+03
PP1S0        1   0.10000000000000000E+03  -0.99000000000000000E+02   0.19806248772915314E+02   0.25443999999999999E+02   0.33000000000000002E-01   0.00000000000000000E+00   0.00000000000000000E+00  -0.17084094627529348E+03
PP1S0        1   0.15000000000000000E+03  -0.99000000000000000E+02   0.68901262794090794E+01   0.15254000000000000E+02   0.45999999999999999E-01   0.00000000000000000E+00   0.00000000000000000E+00  -0.18182334175197653E+03
PP1S0        1   0.20000000000000000E+03  -0.99000000000000000E+02  -0.36711384878732702E+01   0.70410000000000004E+01   0.57000000000000002E-01   0.00000000000000000E+00   0.00000000000000000E+00  -0.18793225417321526E+03
PP1S0        1   0.25000000000000000E+03  -0.99000000000000000E+02  -0.11766442855509913E+02   0.31800000000000000E+00   0.73999999999999996E-01   0.00000000000000000E+00   0.00000000000000000E+00  -0.16330328183121506E+03
PP1S0        1   0.30000000000000000E+03  -0.99000000000000000E+02  -0.16608418956992221E+02  -0.50979999999999999E+01   0.10000000000000001E+00   0.00000000000000000E+00   0.00000000000000000E+00  -0.11510418956992221E+03
PP1S0        1   0.35000000000000000E+03  -0.99000000000000000E+02  -0.17248950952985812E+02  -0.93420000000000005E+01   0.13400000000000001E+00   0.00000000000000000E+00   0.00000000000000000E+00  -0.59007096664073217E+02
PP1D2        2   0.10000000000000000E+01  -0.99000000000000000E+02   0.96393457629390252E-03   0.10000000000000000E-02   0.50000000000000001E-03   0.00000000000000000E+00   0.00000000000000000E+00  -0.72130847412194998E-01
PP1D2        2   0.50000000000000000E+01  -0.99000000000000000E+02   0.43949358577359862E-01   0.42000000000000003E-01   0.50000000000000001E-03   0.00000000000000000E+00   0.00000000000000000E+00   0.38987171547197192E+01
PP1D2        2   0.10000000000000000E+02  -0.99000000000000000E+02   0.16709354465558873E+00   0.16400000000000001E+00   0.50000000000000001E-03   0.00000000000000000E+00   0.00000000000000000E+00   0.61870893111774512E+01
PP1D2        2   0.25000000000000000E+02  -0.99000000000000000E+02   0.70171132363557676E+00   0.69399999999999995E+00   0.10000000000000000E-02   0.00000000000000000E+00   0.00000000000000000E+00   0.77113236355768056E+01
PP1D2        2   0.50000000000000000E+02  -0.99000000000000000E+02   0.17321002813501374E+01   0.17090000000000001E+01   0.40000000000000001E-02   0.00000000000000000E+00   0.00000000000000000E+00   0.57750703375343271E+01
PP1D2        2   0.10000000000000000E+03  -0.99000000000000000E+02   0.39657102291350657E+01   0.37810000000000001E+01   0.80000000000000002E-02   0.00000000000000000E+00   0.00000000000000000E+00   0.23088778641883188E+02
PP1D2        2   0.15000000000000000E+03  -0.99000000000000000E+02   0.59853241447335428E+01   0.56180000000000003E+01   0.14000000000000000E-01   0.00000000000000000E+00   0.00000000000000000E+00   0.26237438909538746E+02
PP1D2        2   0.20000000000000000E+03  -0.99000000000000000E+02   0.72204454746597504E+01   0.71920000000000002E+01   0.21000000000000001E-01   0.00000000000000000E+00   0.00000000000000000E+00   0.13545464123690583E+01
PP1D2        2   0.25000000000000000E+03  -0.99000000000000000E+02   0.73702682213983053E+01   0.85380000000000003E+01   0.24000000000000000E-01   0.00000000000000000E+00   0.00000000000000000E+00  -0.48655490775070625E+02
PP1D2        2   0.30000000000000000E+03  -0.99000000000000000E+02   0.65146476174257764E+01   0.95770000000000000E+01   0.31000000000000000E-01   0.00000000000000000E+00   0.00000000000000000E+00  -0.98785560728200764E+02
PP1D2        2   0.35000000000000000E+03  -0.99000000000000000E+02   0.50185946402537258E+01   0.10183000000000000E+02   0.51999999999999998E-01   0.00000000000000000E+00   0.00000000000000000E+00  -0.99315487687428345E+02
PP1G4        3   0.10000000000000000E+01  -0.99000000000000000E+02   0.41981727001578436E-06   0.00000000000000000E+00   0.50000000000000001E-03   0.00000000000000000E+00   0.00000000000000000E+00   0.83963454003156874E-03
PP1G4        3   0.50000000000000000E+01  -0.99000000000000000E+02   0.33285371552353455E-03   0.00000000000000000E+00   0.50000000000000001E-03   0.00000000000000000E+00   0.00000000000000000E+00   0.66570743104706909E+00
PP1G4        3   0.10000000000000000E+02  -0.99000000000000000E+02   0.35020565500870713E-02   0.30000000000000001E-02   0.50000000000000001E-03   0.00000000000000000E+00   0.00000000000000000E+00   0.10041131001741423E+01
PP1G4        3   0.25000000000000000E+02  -0.99000000000000000E+02   0.40260294871946489E-01   0.40000000000000001E-01   0.50000000000000001E-03   0.00000000000000000E+00   0.00000000000000000E+00   0.52058974389297685E+00
PP1G4        3   0.50000000000000000E+02  -0.99000000000000000E+02   0.15359823932392300E+00   0.15200000000000000E+00   0.50000000000000001E-03   0.00000000000000000E+00   0.00000000000000000E+00   0.31964786478460017E+01
PP1G4        3   0.10000000000000000E+03  -0.99000000000000000E+02   0.40872693103572610E+00   0.41799999999999998E+00   0.20000000000000000E-02   0.00000000000000000E+00   0.00000000000000000E+00  -0.46365344821369394E+01
PP1G4        3   0.15000000000000000E+03  -0.99000000000000000E+02   0.63024059985698377E+00   0.70299999999999996E+00   0.60000000000000001E-02   0.00000000000000000E+00   0.00000000000000000E+00  -0.12126566690502697E+02
PP1G4        3   0.20000000000000000E+03  -0.99000000000000000E+02   0.78543811753053905E+00   0.10060000000000000E+01   0.12000000000000000E-01   0.00000000000000000E+00   0.00000000000000000E+00  -0.18380156872455078E+02
PP1G4        3   0.25000000000000000E+03  -0.99000000000000000E+02   0.84324438312126937E+00   0.13069999999999999E+01   0.17000000000000001E-01   0.00000000000000000E+00   0.00000000000000000E+00  -0.27279742169337091E+02
PP1G4        3   0.30000000000000000E+03  -0.99000000000000000E+02   0.78880176569502192E+00   0.15860000000000001E+01   0.19000000000000000E-01   0.00000000000000000E+00   0.00000000000000000E+00  -0.41957801805525165E+02
PP1G4        3   0.35000000000000000E+03  -0.99000000000000000E+02   0.64021857769884472E+00   0.18420000000000001E+01   0.25999999999999999E-01   0.00000000000000000E+00   0.00000000000000000E+00  -0.46222362396198285E+02
PP3P0        4   0.10000000000000000E+01  -0.99000000000000000E+02   0.14493043131250236E+00   0.13300000000000001E+00   0.50000000000000001E-03   0.00000000000000000E+00   0.00000000000000000E+00   0.23860862625004696E+02
PP3P0        4   0.50000000000000000E+01  -0.99000000000000000E+02   0.17385249666231033E+01   0.15820000000000001E+01   0.30000000000000001E-02   0.00000000000000000E+00   0.00000000000000000E+00   0.52174988874367742E+02
PP3P0        4   0.10000000000000000E+02  -0.99000000000000000E+02   0.41830657715760822E+01   0.37370000000000001E+01   0.80000000000000002E-02   0.00000000000000000E+00   0.00000000000000000E+00   0.55758221447010257E+02
PP3P0        4   0.25000000000000000E+02  -0.99000000000000000E+02   0.10075880467373072E+02   0.86069999999999993E+01   0.20000000000000000E-01   0.00000000000000000E+00   0.00000000000000000E+00   0.73444023368653603E+02
PP3P0        4   0.50000000000000000E+02  -0.99000000000000000E+02   0.14079133931713528E+02   0.11523999999999999E+02   0.32000000000000001E-01   0.00000000000000000E+00   0.00000000000000000E+00   0.79847935366047778E+02
PP3P0        4   0.10000000000000000E+03  -0.99000000000000000E+02   0.11501233413412102E+02   0.94969999999999999E+01   0.56000000000000001E-01   0.00000000000000000E+00   0.00000000000000000E+00   0.35789882382358961E+02
PP3P0        4   0.15000000000000000E+03  -0.99000000000000000E+02   0.39914210062373106E+01   0.48159999999999998E+01   0.66000000000000003E-01   0.00000000000000000E+00   0.00000000000000000E+00  -0.12493621117616504E+02
PP3P0        4   0.20000000000000000E+03  -0.99000000000000000E+02  -0.49629271552803340E+01  -0.22700000000000001E+00   0.62000000000000000E-01   0.00000000000000000E+00   0.00000000000000000E+00  -0.76385921859360224E+02
PP3P0        4   0.25000000000000000E+03  -0.99000000000000000E+02  -0.13843509519854006E+02  -0.51210000000000004E+01   0.63000000000000000E-01   0.00000000000000000E+00   0.00000000000000000E+00  -0.13845253206117468E+03
PP3P0        4   0.30000000000000000E+03  -0.99000000000000000E+02  -0.21287758438269730E+02  -0.96630000000000003E+01   0.88999999999999996E-01   0.00000000000000000E+00   0.00000000000000000E+00  -0.13061526335134528E+03
PP3P0        4   0.35000000000000000E+03  -0.99000000000000000E+02  -0.25582775733301350E+02  -0.13677000000000000E+02   0.14099999999999999E+00   0.00000000000000000E+00   0.00000000000000000E+00  -0.84438125768094693E+02
PP3P1        5   0.10000000000000000E+01  -0.99000000000000000E+02  -0.79485330950353150E-01  -0.80000000000000002E-01   0.50000000000000001E-03   0.00000000000000000E+00   0.00000000000000000E+00   0.10293380992937029E+01
PP3P1        5   0.50000000000000000E+01  -0.99000000000000000E+02  -0.87436260887550521E+00  -0.89200000000000002E+00   0.10000000000000000E-02   0.00000000000000000E+00   0.00000000000000000E+00   0.17637391124494805E+02
PP3P1        5   0.10000000000000000E+02  -0.99000000000000000E+02  -0.19806934882195422E+01  -0.20369999999999999E+01   0.20000000000000000E-02   0.00000000000000000E+00   0.00000000000000000E+00   0.28153255890228877E+02
PP3P1        5   0.25000000000000000E+02  -0.99000000000000000E+02  -0.46669169624432225E+01  -0.48620000000000001E+01   0.60000000000000001E-02   0.00000000000000000E+00   0.00000000000000000E+00   0.32513839592796266E+02
PP3P1        5   0.50000000000000000E+02  -0.99000000000000000E+02  -0.78437445545196045E+01  -0.82080000000000002E+01   0.12000000000000000E-01   0.00000000000000000E+00   0.00000000000000000E+00   0.30354620456699639E+02
PP3P1        5   0.10000000000000000E+03  -0.99000000000000000E+02  -0.13268329224329111E+02  -0.13259000000000000E+02   0.19000000000000000E-01   0.00000000000000000E+00   0.00000000000000000E+00  -0.49101180679531503E+00
PP3P1        5   0.15000000000000000E+03  -0.99000000000000000E+02  -0.19285259828045096E+02  -0.17620000000000001E+02   0.25000000000000001E-01   0.00000000000000000E+00   0.00000000000000000E+00  -0.66610393121803781E+02
PP3P1        5   0.20000000000000000E+03  -0.99000000000000000E+02  -0.25951817305071209E+02  -0.21506000000000000E+02   0.35999999999999997E-01   0.00000000000000000E+00   0.00000000000000000E+00  -0.12349492514086693E+03
PP3P1        5   0.25000000000000000E+03  -0.99000000000000000E+02  -0.32543625785670685E+02  -0.24902999999999999E+02   0.50999999999999997E-01   0.00000000000000000E+00   0.00000000000000000E+00  -0.14981619187589581E+03
PP3P1        5   0.30000000000000000E+03  -0.99000000000000000E+02  -0.37767992013910941E+02  -0.27811000000000000E+02   0.64000000000000001E-01   0.00000000000000000E+00   0.00000000000000000E+00  -0.15557800021735846E+03
PP3P1        5   0.35000000000000000E+03  -0.99000000000000000E+02  -0.39576986016162230E+02  -0.30221000000000000E+02   0.75999999999999998E-01   0.00000000000000000E+00   0.00000000000000000E+00  -0.12310507916002935E+03
PP3F3        6   0.10000000000000000E+01  -0.99000000000000000E+02  -0.25811182709594129E-04   0.00000000000000000E+00   0.50000000000000001E-03   0.00000000000000000E+00   0.00000000000000000E+00  -0.51622365419188257E-01
PP3F3        6   0.50000000000000000E+01  -0.99000000000000000E+02  -0.50384167702310443E-02  -0.40000000000000001E-02   0.50000000000000001E-03   0.00000000000000000E+00   0.00000000000000000E+00  -0.20768335404620886E+01
PP3F3        6   0.10000000000000000E+02  -0.99000000000000000E+02  -0.32573544726308572E-01  -0.31000000000000000E-01   0.50000000000000001E-03   0.00000000000000000E+00   0.00000000000000000E+00  -0.31470894526171440E+01
PP3F3        6   0.25000000000000000E+02  -0.99000000000000000E+02  -0.23130196972068964E+00  -0.23000000000000001E+00   0.50000000000000001E-03   0.00000000000000000E+00   0.00000000000000000E+00  -0.26039394413792660E+01
PP3F3        6   0.50000000000000000E+02  -0.99000000000000000E+02  -0.68550952541851040E+00  -0.68200000000000005E+00   0.20000000000000000E-02   0.00000000000000000E+00   0.00000000000000000E+00  -0.17547627092551754E+01
PP3F3        6   0.10000000000000000E+03  -0.99000000000000000E+02  -0.14532074639997896E+01  -0.14730000000000001E+01   0.89999999999999993E-02   0.00000000000000000E+00   0.00000000000000000E+00   0.21991706666900526E+01
PP3F3        6   0.15000000000000000E+03  -0.99000000000000000E+02  -0.18614531504882441E+01  -0.20609999999999999E+01   0.19000000000000000E-01   0.00000000000000000E+00   0.00000000000000000E+00   0.10502465763776623E+02
PP3F3        6   0.20000000000000000E+03  -0.99000000000000000E+02  -0.19144871316669656E+01  -0.25049999999999999E+01   0.33000000000000002E-01   0.00000000000000000E+00   0.00000000000000000E+00   0.17894329343425280E+02
PP3F3        6   0.25000000000000000E+03  -0.99000000000000000E+02  -0.16778029869094930E+01  -0.27180000000000000E+01   0.45999999999999999E-01   0.00000000000000000E+00   0.00000000000000000E+00   0.22612978545445802E+02
PP3F3        6   0.30000000000000000E+03  -0.99000000000000000E+02  -0.12665219230393501E+01  -0.25470000000000002E+01   0.53999999999999999E-01   0.00000000000000000E+00   0.00000000000000000E+00   0.23712556980752780E+02
PP3F3        6   0.35000000000000000E+03  -0.99000000000000000E+02  -0.81933862064662621E+00  -0.19219999999999999E+01   0.68000000000000005E-01   0.00000000000000000E+00   0.00000000000000000E+00   0.16215608519902553E+02
PP3P2        7   0.10000000000000000E+01  -0.99000000000000000E+02   0.14910710177987396E-01   0.14000000000000000E-01   0.50000000000000001E-03   0.00000000000000000E+00   0.00000000000000000E+00   0.18214203559747919E+01
PP3P2        7   0.50000000000000000E+01  -0.99000000000000000E+02   0.23325106778208393E+00   0.21299999999999999E+00   0.10000000000000000E-02   0.00000000000000000E+00   0.00000000000000000E+00   0.20251067782083936E+02
PP3P2        7   0.10000000000000000E+02  -0.99000000000000000E+02   0.70950054174343935E+00   0.64800000000000002E+00   0.20000000000000000E-02   0.00000000000000000E+00   0.00000000000000000E+00   0.30750270871719664E+02
PP3P2        7   0.25000000000000000E+02  -0.99000000000000000E+02   0.27565027821283041E+01   0.24889999999999999E+01   0.50000000000000001E-02   0.00000000000000000E+00   0.00000000000000000E+00   0.53500556425660847E+02
PP3P2        7   0.50000000000000000E+02  -0.99000000000000000E+02   0.66483097276392193E+01   0.58540000000000001E+01   0.89999999999999993E-02   0.00000000000000000E+00   0.00000000000000000E+00   0.88256636404357707E+02
PP3P2        7   0.10000000000000000E+03  -0.99000000000000000E+02   0.12666256066125534E+02   0.10980000000000000E+02   0.17999999999999999E-01   0.00000000000000000E+00   0.00000000000000000E+00   0.93680892562529650E+02
PP3P2        7   0.15000000000000000E+03  -0.99000000000000000E+02   0.15170611151521307E+02   0.14007999999999999E+02   0.19000000000000000E-01   0.00000000000000000E+00   0.00000000000000000E+00   0.61190060606384613E+02
PP3P2        7   0.20000000000000000E+03  -0.99000000000000000E+02   0.14839512347728469E+02   0.15784000000000001E+02   0.25000000000000001E-01   0.00000000000000000E+00   0.00000000000000000E+00  -0.37779506090861261E+02
PP3P2        7   0.25000000000000000E+03  -0.99000000000000000E+02   0.12707550596341648E+02   0.16715000000000000E+02   0.32000000000000001E-01   0.00000000000000000E+00   0.00000000000000000E+00  -0.12523279386432351E+03
PP3P2        7   0.30000000000000000E+03  -0.99000000000000000E+02   0.96959555476609722E+01   0.16951000000000001E+02   0.33000000000000002E-01   0.00000000000000000E+00   0.00000000000000000E+00  -0.21984983188906145E+03
PP3P2        7   0.35000000000000000E+03  -0.99000000000000000E+02   0.65640688524399371E+01   0.16600000000000001E+02   0.29999999999999999E-01   0.00000000000000000E+00   0.00000000000000000E+00  -0.33453103825200213E+03
PPE2         8   0.10000000000000000E+01  -0.99000000000000000E+02  -0.11411138281274000E-02  -0.10000000000000000E-02   0.50000000000000001E-03   0.00000000000000000E+00   0.00000000000000000E+00  -0.28222765625479995E+00
PPE2         8   0.50000000000000000E+01  -0.99000000000000000E+02  -0.52796796409017473E-01  -0.51999999999999998E-01   0.50000000000000001E-03   0.00000000000000000E+00   0.00000000000000000E+00  -0.15935928180349501E+01
PPE2         8   0.10000000000000000E+02  -0.99000000000000000E+02  -0.20160151425500689E+00  -0.20100000000000001E+00   0.50000000000000001E-03   0.00000000000000000E+00   0.00000000000000000E+00  -0.12030285100137483E+01
PPE2         8   0.25000000000000000E+02  -0.99000000000000000E+02  -0.81254768251839105E+00  -0.81100000000000005E+00   0.10000000000000000E-02   0.00000000000000000E+00   0.00000000000000000E+00  -0.15476825183909915E+01
PPE2         8   0.50000000000000000E+02  -0.99000000000000000E+02  -0.17088508195119014E+01  -0.17080000000000000E+01   0.40000000000000001E-02   0.00000000000000000E+00   0.00000000000000000E+00  -0.21270487797536708E+00
PPE2         8   0.10000000000000000E+03  -0.99000000000000000E+02  -0.26020165919842553E+01  -0.26429999999999998E+01   0.80000000000000002E-02   0.00000000000000000E+00   0.00000000000000000E+00   0.51229260019680645E+01
PPE2         8   0.15000000000000000E+03  -0.99000000000000000E+02  -0.26959181301341175E+01  -0.29129999999999998E+01   0.12000000000000000E-01   0.00000000000000000E+00   0.00000000000000000E+00   0.18090155822156856E+02
PPE2         8   0.20000000000000000E+03  -0.99000000000000000E+02  -0.23978008251129275E+01  -0.29009999999999998E+01   0.16000000000000000E-01   0.00000000000000000E+00   0.00000000000000000E+00   0.31449948430442021E+02
PPE2         8   0.25000000000000000E+03  -0.99000000000000000E+02  -0.19317707872853627E+01  -0.27029999999999998E+01   0.21999999999999999E-01   0.00000000000000000E+00   0.00000000000000000E+00   0.35055873305210781E+02
PPE2         8   0.30000000000000000E+03  -0.99000000000000000E+02  -0.14237920231725330E+01  -0.23119999999999998E+01   0.29999999999999999E-01   0.00000000000000000E+00   0.00000000000000000E+00   0.29606932560915563E+02
PPE2         8   0.35000000000000000E+03  -0.99000000000000000E+02  -0.95284708803612261E+00  -0.17300000000000000E+01   0.39000000000000000E-01   0.00000000000000000E+00   0.00000000000000000E+00   0.19926997742663524E+02
PP3F2        9   0.10000000000000000E+01  -0.99000000000000000E+02   0.94927404511882193E-05   0.00000000000000000E+00   0.50000000000000001E-03   0.00000000000000000E+00   0.00000000000000000E+00   0.18985480902376436E-01
PP3F2        9   0.50000000000000000E+01  -0.99000000000000000E+02   0.19886676084235194E-02   0.20000000000000000E-02   0.50000000000000001E-03   0.00000000000000000E+00   0.00000000000000000E+00  -0.22664783152961249E-01
PP3F2        9   0.10000000000000000E+02  -0.99000000000000000E+02   0.13615535918153659E-01   0.12999999999999999E-01   0.50000000000000001E-03   0.00000000000000000E+00   0.00000000000000000E+00   0.12310718363073188E+01
PP3F2        9   0.25000000000000000E+02  -0.99000000000000000E+02   0.10670794424973234E+00   0.10500000000000000E+00   0.50000000000000001E-03   0.00000000000000000E+00   0.00000000000000000E+00   0.34158884994646974E+01
PP3F2        9   0.50000000000000000E+02  -0.99000000000000000E+02   0.34858191377436948E+00   0.34100000000000003E+00   0.10000000000000000E-02   0.00000000000000000E+00   0.00000000000000000E+00   0.75819137743694531E+01
PP3F2        9   0.10000000000000000E+03  -0.99000000000000000E+02   0.87993735556942387E+00   0.83199999999999996E+00   0.80000000000000002E-02   0.00000000000000000E+00   0.00000000000000000E+00   0.59921694461779884E+01
PP3F2        9   0.15000000000000000E+03  -0.99000000000000000E+02   0.13725996110042411E+01   0.11919999999999999E+01   0.17000000000000001E-01   0.00000000000000000E+00   0.00000000000000000E+00   0.10623506529661244E+02
PP3F2        9   0.20000000000000000E+03  -0.99000000000000000E+02   0.17354511609980250E+01   0.13270000000000000E+01   0.21999999999999999E-01   0.00000000000000000E+00   0.00000000000000000E+00   0.18565961863546594E+02
PP3F2        9   0.25000000000000000E+03  -0.99000000000000000E+02   0.18713695600236748E+01   0.12230000000000001E+01   0.27000000000000000E-01   0.00000000000000000E+00   0.00000000000000000E+00   0.24013687408284248E+02
PP3F2        9   0.30000000000000000E+03  -0.99000000000000000E+02   0.17418476343804958E+01   0.92100000000000004E+00   0.39000000000000000E-01   0.00000000000000000E+00   0.00000000000000000E+00   0.21047375240525533E+02
PP3F2        9   0.35000000000000000E+03  -0.99000000000000000E+02   0.13987582340102047E+01   0.46100000000000002E+00   0.55000000000000000E-01   0.00000000000000000E+00   0.00000000000000000E+00   0.17050149709276447E+02
PP3F4       10   0.10000000000000000E+01  -0.99000000000000000E+02   0.17769191670214753E-06   0.00000000000000000E+00   0.50000000000000001E-03   0.00000000000000000E+00   0.00000000000000000E+00   0.35538383340429503E-03
PP3F4       10   0.50000000000000000E+01  -0.99000000000000000E+02   0.11511506109342330E-03   0.00000000000000000E+00   0.50000000000000001E-03   0.00000000000000000E+00   0.00000000000000000E+00   0.23023012218684660E+00
PP3F4       10   0.10000000000000000E+02  -0.99000000000000000E+02   0.12990971422371645E-02   0.10000000000000000E-02   0.50000000000000001E-03   0.00000000000000000E+00   0.00000000000000000E+00   0.59819428447432887E+00
PP3F4       10   0.25000000000000000E+02  -0.99000000000000000E+02   0.19168423568253243E-01   0.19000000000000000E-01   0.50000000000000001E-03   0.00000000000000000E+00   0.00000000000000000E+00   0.33684713650648790E+00
PP3F4       10   0.50000000000000000E+02  -0.99000000000000000E+02   0.99517024887172831E-01   0.10199999999999999E+00   0.10000000000000000E-02   0.00000000000000000E+00   0.00000000000000000E+00  -0.24829751128271624E+01
PP3F4       10   0.10000000000000000E+03  -0.99000000000000000E+02   0.38562648804194238E+00   0.46100000000000002E+00   0.50000000000000001E-02   0.00000000000000000E+00   0.00000000000000000E+00  -0.15074702391611527E+02
PP3F4       10   0.15000000000000000E+03  -0.99000000000000000E+02   0.73242672647012252E+00   0.10129999999999999E+01   0.89999999999999993E-02   0.00000000000000000E+00   0.00000000000000000E+00  -0.31174808169986377E+02
PP3F4       10   0.20000000000000000E+03  -0.99000000000000000E+02   0.10277559544222803E+01   0.16339999999999999E+01   0.16000000000000000E-01   0.00000000000000000E+00   0.00000000000000000E+00  -0.37890252848607474E+02
PP3F4       10   0.25000000000000000E+03  -0.99000000000000000E+02   0.11800560896806267E+01   0.22000000000000002E+01   0.21999999999999999E-01   0.00000000000000000E+00   0.00000000000000000E+00  -0.46361086832698795E+02
PP3F4       10   0.30000000000000000E+03  -0.99000000000000000E+02   0.11458919909741898E+01   0.26440000000000001E+01   0.27000000000000000E-01   0.00000000000000000E+00   0.00000000000000000E+00  -0.55485481815770754E+02
PP3F4       10   0.35000000000000000E+03  -0.99000000000000000E+02   0.94900338389957029E+00   0.29700000000000002E+01   0.42000000000000003E-01   0.00000000000000000E+00   0.00000000000000000E+00  -0.48118967050010234E+02
PPE4        11   0.10000000000000000E+01  -0.99000000000000000E+02  -0.47146601186898556E-06   0.00000000000000000E+00   0.50000000000000001E-03   0.00000000000000000E+00   0.00000000000000000E+00  -0.94293202373797107E-03
PPE4        11   0.50000000000000000E+01  -0.99000000000000000E+02  -0.38087048673481972E-03   0.00000000000000000E+00   0.50000000000000001E-03   0.00000000000000000E+00   0.00000000000000000E+00  -0.76174097346963943E+00
PPE4        11   0.10000000000000000E+02  -0.99000000000000000E+02  -0.40869081728693232E-02  -0.40000000000000001E-02   0.50000000000000001E-03   0.00000000000000000E+00   0.00000000000000000E+00  -0.17381634573864629E+00
PPE4        11   0.25000000000000000E+02  -0.99000000000000000E+02  -0.49098856291731295E-01  -0.49000000000000002E-01   0.50000000000000001E-03   0.00000000000000000E+00   0.00000000000000000E+00  -0.19771258346258647E+00
PPE4        11   0.50000000000000000E+02  -0.99000000000000000E+02  -0.19496424701665921E+00  -0.19700000000000001E+00   0.50000000000000001E-03   0.00000000000000000E+00   0.00000000000000000E+00   0.40715059666815989E+01
PPE4        11   0.10000000000000000E+03  -0.99000000000000000E+02  -0.52284559799844021E+00  -0.55400000000000005E+00   0.10000000000000000E-02   0.00000000000000000E+00   0.00000000000000000E+00   0.31154402001559834E+02
PPE4        11   0.15000000000000000E+03  -0.99000000000000000E+02  -0.76681071638403364E+00  -0.87700000000000000E+00   0.30000000000000001E-02   0.00000000000000000E+00   0.00000000000000000E+00   0.36729761205322120E+02
PPE4        11   0.20000000000000000E+03  -0.99000000000000000E+02  -0.88026524472160184E+00  -0.11290000000000000E+01   0.50000000000000001E-02   0.00000000000000000E+00   0.00000000000000000E+00   0.49746951055679631E+02
PPE4        11   0.25000000000000000E+03  -0.99000000000000000E+02  -0.85685843588046895E+00  -0.13080000000000001E+01   0.60000000000000001E-02   0.00000000000000000E+00   0.00000000000000000E+00   0.75190260686588516E+02
PPE4        11   0.30000000000000000E+03  -0.99000000000000000E+02  -0.72276972978155896E+00  -0.14339999999999999E+01   0.70000000000000001E-02   0.00000000000000000E+00   0.00000000000000000E+00   0.10160432431692014E+03
PPE4        11   0.35000000000000000E+03  -0.99000000000000000E+02  -0.52946766189045036E+00  -0.15409999999999999E+01   0.10000000000000000E-01   0.00000000000000000E+00   0.00000000000000000E+00   0.10115323381095496E+03
PP3H4       12   0.10000000000000000E+01  -0.99000000000000000E+02   0.23374727948521377E-08   0.00000000000000000E+00   0.50000000000000001E-03   0.00000000000000000E+00   0.00000000000000000E+00   0.46749455897042749E-05
PP3H4       12   0.50000000000000000E+01  -0.99000000000000000E+02   0.86127033094067221E-05   0.00000000000000000E+00   0.50000000000000001E-03   0.00000000000000000E+00   0.00000000000000000E+00   0.17225406618813444E-01
PP3H4       12   0.10000000000000000E+02  -0.99000000000000000E+02   0.16864771813676155E-03   0.00000000000000000E+00   0.50000000000000001E-03   0.00000000000000000E+00   0.00000000000000000E+00   0.33729543627352310E+00
PP3H4       12   0.25000000000000000E+02  -0.99000000000000000E+02   0.41294872926150228E-02   0.40000000000000001E-02   0.50000000000000001E-03   0.00000000000000000E+00   0.00000000000000000E+00   0.25897458523004535E+00
PP3H4       12   0.50000000000000000E+02  -0.99000000000000000E+02   0.26236704835630006E-01   0.25999999999999999E-01   0.50000000000000001E-03   0.00000000000000000E+00   0.00000000000000000E+00   0.47340967126001388E+00
PP3H4       12   0.10000000000000000E+03  -0.99000000000000000E+02   0.10705917636877423E+00   0.11000000000000000E+00   0.50000000000000001E-03   0.00000000000000000E+00   0.00000000000000000E+00  -0.58816472624515503E+01
PP3H4       12   0.15000000000000000E+03  -0.99000000000000000E+02   0.19918820234737616E+00   0.22000000000000000E+00   0.20000000000000000E-02   0.00000000000000000E+00   0.00000000000000000E+00  -0.10405898826311919E+02
PP3H4       12   0.20000000000000000E+03  -0.99000000000000000E+02   0.27335985556559761E+00   0.34100000000000003E+00   0.60000000000000001E-02   0.00000000000000000E+00   0.00000000000000000E+00  -0.11273357405733735E+02
PP3H4       12   0.25000000000000000E+03  -0.99000000000000000E+02   0.30991236648045800E+00   0.46400000000000002E+00   0.12000000000000000E-01   0.00000000000000000E+00   0.00000000000000000E+00  -0.12840636126628501E+02
PP3H4       12   0.30000000000000000E+03  -0.99000000000000000E+02   0.30006225069353976E+00   0.57199999999999995E+00   0.19000000000000000E-01   0.00000000000000000E+00   0.00000000000000000E+00  -0.14312513121392643E+02
PP3H4       12   0.35000000000000000E+03  -0.99000000000000000E+02   0.24952513366843834E+00   0.65000000000000002E+00   0.25999999999999999E-01   0.00000000000000000E+00   0.00000000000000000E+00  -0.15402879474290836E+02
NP1S0       13   0.10000000000000000E+01  -0.99000000000000000E+02   0.61832571914637491E+02   0.62076999999999998E+02   0.17999999999999999E-01   0.00000000000000000E+00   0.00000000000000000E+00  -0.13579338075694855E+02
NP1S0       13   0.50000000000000000E+01  -0.99000000000000000E+02   0.62946719530557317E+02   0.63659999999999997E+02   0.43999999999999997E-01   0.00000000000000000E+00   0.00000000000000000E+00  -0.16210919760060900E+02
NP1S0       13   0.10000000000000000E+02  -0.99000000000000000E+02   0.58907218965800979E+02   0.60020000000000003E+02   0.63000000000000000E-01   0.00000000000000000E+00   0.00000000000000000E+00  -0.17663191019032126E+02
NP1S0       13   0.25000000000000000E+02  -0.99000000000000000E+02   0.48934173487023422E+02   0.51070999999999998E+02   0.99000000000000005E-01   0.00000000000000000E+00   0.00000000000000000E+00  -0.21584106191682586E+02
NP1S0       13   0.50000000000000000E+02  -0.99000000000000000E+02   0.37099440716316089E+02   0.40884999999999998E+02   0.14699999999999999E+00   0.00000000000000000E+00   0.00000000000000000E+00  -0.25752103970638842E+02
NP1S0       13   0.10000000000000000E+03  -0.99000000000000000E+02   0.20218692354975161E+02   0.27210000000000001E+02   0.23000000000000001E+00   0.00000000000000000E+00   0.00000000000000000E+00  -0.30396989760977561E+02
NP1S0       13   0.15000000000000000E+03  -0.99000000000000000E+02   0.72912705926874217E+01   0.17100000000000001E+02   0.26600000000000001E+00   0.00000000000000000E+00   0.00000000000000000E+00  -0.36874922583881876E+02
NP1S0       13   0.20000000000000000E+03  -0.99000000000000000E+02  -0.31413436509125825E+01   0.88300000000000001E+01   0.26700000000000002E+00   0.00000000000000000E+00   0.00000000000000000E+00  -0.44836493074578961E+02
NP1S0       13   0.25000000000000000E+03  -0.99000000000000000E+02  -0.11006019309266078E+02   0.19710000000000001E+01   0.28100000000000003E+00   0.00000000000000000E+00   0.00000000000000000E+00  -0.46181563378171091E+02
NP1S0       13   0.30000000000000000E+03  -0.99000000000000000E+02  -0.15549024561499825E+02  -0.36179999999999999E+01   0.34399999999999997E+00   0.00000000000000000E+00   0.00000000000000000E+00  -0.34683210934592516E+02
NP1S0       13   0.35000000000000000E+03  -0.99000000000000000E+02  -0.15933670943703220E+02  -0.80440000000000005E+01   0.45300000000000001E+00   0.00000000000000000E+00   0.00000000000000000E+00  -0.17416492149455230E+02
NP1D2       14   0.10000000000000000E+01  -0.99000000000000000E+02   0.11302318914834780E-02   0.10000000000000000E-02   0.50000000000000001E-03   0.00000000000000000E+00   0.00000000000000000E+00   0.26046378296695588E+00
NP1D2       14   0.50000000000000000E+01  -0.99000000000000000E+02   0.41850064102056994E-01   0.41000000000000002E-01   0.50000000000000001E-03   0.00000000000000000E+00   0.00000000000000000E+00   0.17001282041139847E+01
NP1D2       14   0.10000000000000000E+02  -0.99000000000000000E+02   0.15792595575156662E+00   0.15500000000000000E+00   0.50000000000000001E-03   0.00000000000000000E+00   0.00000000000000000E+00   0.58519115031332447E+01
NP1D2       14   0.25000000000000000E+02  -0.99000000000000000E+02   0.68445246341337085E+00   0.67400000000000004E+00   0.10000000000000000E-02   0.00000000000000000E+00   0.00000000000000000E+00   0.10452463413370804E+02
NP1D2       14   0.50000000000000000E+02  -0.99000000000000000E+02   0.17409688959097818E+01   0.17020000000000000E+01   0.40000000000000001E-02   0.00000000000000000E+00   0.00000000000000000E+00   0.97422239774454518E+01
NP1D2       14   0.10000000000000000E+03  -0.99000000000000000E+02   0.40463155169262510E+01   0.37749999999999999E+01   0.80000000000000002E-02   0.00000000000000000E+00   0.00000000000000000E+00   0.33914439615781390E+02
NP1D2       14   0.15000000000000000E+03  -0.99000000000000000E+02   0.60992357342020327E+01   0.55709999999999997E+01   0.14000000000000000E-01   0.00000000000000000E+00   0.00000000000000000E+00   0.37731123871573779E+02
NP1D2       14   0.20000000000000000E+03  -0.99000000000000000E+02   0.73214010394060374E+01   0.71059999999999999E+01   0.21999999999999999E-01   0.00000000000000000E+00   0.00000000000000000E+00   0.97909563366380681E+01
NP1D2       14   0.25000000000000000E+03  -0.99000000000000000E+02   0.74296790974826319E+01   0.84239999999999995E+01   0.24000000000000000E-01   0.00000000000000000E+00   0.00000000000000000E+00  -0.41430037604890316E+02
NP1D2       14   0.30000000000000000E+03  -0.99000000000000000E+02   0.65270406336704330E+01   0.94320000000000004E+01   0.32000000000000001E-01   0.00000000000000000E+00   0.00000000000000000E+00  -0.90779980197798977E+02
NP1D2       14   0.35000000000000000E+03  -0.99000000000000000E+02   0.49954342652432890E+01   0.99939999999999998E+01   0.53999999999999999E-01   0.00000000000000000E+00   0.00000000000000000E+00  -0.92566032125124281E+02
NP1G4       15   0.10000000000000000E+01  -0.99000000000000000E+02   0.35050952888412988E-06   0.00000000000000000E+00   0.50000000000000001E-03   0.00000000000000000E+00   0.00000000000000000E+00   0.70101905776825978E-03
NP1G4       15   0.50000000000000000E+01  -0.99000000000000000E+02   0.23901780703505516E-03   0.00000000000000000E+00   0.50000000000000001E-03   0.00000000000000000E+00   0.00000000000000000E+00   0.47803561407011030E+00
NP1G4       15   0.10000000000000000E+02  -0.99000000000000000E+02   0.25976507416786889E-02   0.20000000000000000E-02   0.50000000000000001E-03   0.00000000000000000E+00   0.00000000000000000E+00   0.11953014833573776E+01
NP1G4       15   0.25000000000000000E+02  -0.99000000000000000E+02   0.32723080627297833E-01   0.32000000000000001E-01   0.50000000000000001E-03   0.00000000000000000E+00   0.00000000000000000E+00   0.14461612545956652E+01
NP1G4       15   0.50000000000000000E+02  -0.99000000000000000E+02   0.13474063512610587E+00   0.13200000000000001E+00   0.10000000000000000E-02   0.00000000000000000E+00   0.00000000000000000E+00   0.27406351261058668E+01
NP1G4       15   0.10000000000000000E+03  -0.99000000000000000E+02   0.38346073752533116E+00   0.37000000000000000E+00   0.89999999999999993E-02   0.00000000000000000E+00   0.00000000000000000E+00   0.14956375028145743E+01
NP1G4       15   0.15000000000000000E+03  -0.99000000000000000E+02   0.61005731641174743E+00   0.60599999999999998E+00   0.29999999999999999E-01   0.00000000000000000E+00   0.00000000000000000E+00   0.13524388039158158E+00
NP1G4       15   0.20000000000000000E+03  -0.99000000000000000E+02   0.77284423321759566E+00   0.84899999999999998E+00   0.58999999999999997E-01   0.00000000000000000E+00   0.00000000000000000E+00  -0.12907757081763445E+01
NP1G4       15   0.25000000000000000E+03  -0.99000000000000000E+02   0.83665113822241699E+00   0.11190000000000000E+01   0.81000000000000003E-01   0.00000000000000000E+00   0.00000000000000000E+00  -0.34857884170071975E+01
NP1G4       15   0.30000000000000000E+03  -0.99000000000000000E+02   0.78530490404468811E+00   0.14379999999999999E+01   0.85000000000000006E-01   0.00000000000000000E+00   0.00000000000000000E+00  -0.76787658347683738E+01
NP1G4       15   0.35000000000000000E+03  -0.99000000000000000E+02   0.63750372278426604E+00   0.18290000000000000E+01   0.83000000000000004E-01   0.00000000000000000E+00   0.00000000000000000E+00  -0.14355376833924502E+02
NP3P0       16   0.10000000000000000E+01  -0.99000000000000000E+02   0.19389999476441819E+00   0.18099999999999999E+00   0.50000000000000001E-03   0.00000000000000000E+00   0.00000000000000000E+00   0.25799989528836385E+02
NP3P0       16   0.50000000000000000E+01  -0.99000000000000000E+02   0.17946988598749307E+01   0.16570000000000000E+01   0.30000000000000001E-02   0.00000000000000000E+00   0.00000000000000000E+00   0.45899619958310232E+02
NP3P0       16   0.10000000000000000E+02  -0.99000000000000000E+02   0.41241128446589403E+01   0.37540000000000000E+01   0.80000000000000002E-02   0.00000000000000000E+00   0.00000000000000000E+00   0.46264105582367542E+02
NP3P0       16   0.25000000000000000E+02  -0.99000000000000000E+02   0.96528177194152462E+01   0.84789999999999992E+01   0.21000000000000001E-01   0.00000000000000000E+00   0.00000000000000000E+00   0.55896081876916526E+02
NP3P0       16   0.50000000000000000E+02  -0.99000000000000000E+02   0.13325625675791027E+02   0.11300000000000001E+02   0.33000000000000002E-01   0.00000000000000000E+00   0.00000000000000000E+00   0.61382596236091707E+02
NP3P0       16   0.10000000000000000E+03  -0.99000000000000000E+02   0.10550257741357632E+02   0.91400000000000006E+01   0.57000000000000002E-01   0.00000000000000000E+00   0.00000000000000000E+00   0.24741363883467208E+02
NP3P0       16   0.15000000000000000E+03  -0.99000000000000000E+02   0.30116489626750731E+01   0.43360000000000003E+01   0.66000000000000003E-01   0.00000000000000000E+00   0.00000000000000000E+00  -0.20065924807953440E+02
NP3P0       16   0.20000000000000000E+03  -0.99000000000000000E+02  -0.59148189271810763E+01  -0.79600000000000004E+00   0.62000000000000000E-01   0.00000000000000000E+00   0.00000000000000000E+00  -0.82561595599694769E+02
NP3P0       16   0.25000000000000000E+03  -0.99000000000000000E+02  -0.14719893889132891E+02  -0.57489999999999997E+01   0.64000000000000001E-01   0.00000000000000000E+00   0.00000000000000000E+00  -0.14017021701770145E+03
NP3P0       16   0.30000000000000000E+03  -0.99000000000000000E+02  -0.22020329352264945E+02  -0.10324999999999999E+02   0.90999999999999998E-01   0.00000000000000000E+00   0.00000000000000000E+00  -0.12852010277214225E+03
NP3P0       16   0.35000000000000000E+03  -0.99000000000000000E+02  -0.26063846952372568E+02  -0.14349000000000000E+02   0.14499999999999999E+00   0.00000000000000000E+00   0.00000000000000000E+00  -0.80792047947397023E+02
NP3P1       17   0.10000000000000000E+01  -0.99000000000000000E+02  -0.10476036572575070E+00  -0.10700000000000000E+00   0.50000000000000001E-03   0.00000000000000000E+00   0.00000000000000000E+00   0.44792685484985881E+01
NP3P1       17   0.50000000000000000E+01  -0.99000000000000000E+02  -0.89958429773038984E+00  -0.93300000000000005E+00   0.10000000000000000E-02   0.00000000000000000E+00   0.00000000000000000E+00   0.33415702269610215E+02
NP3P1       17   0.10000000000000000E+02  -0.99000000000000000E+02  -0.19659174949463456E+01  -0.20569999999999999E+01   0.20000000000000000E-02   0.00000000000000000E+00   0.00000000000000000E+00   0.45541252526827165E+02
NP3P1       17   0.25000000000000000E+02  -0.99000000000000000E+02  -0.45804349510319877E+01  -0.48769999999999998E+01   0.60000000000000001E-02   0.00000000000000000E+00   0.00000000000000000E+00   0.49427508161335339E+02
NP3P1       17   0.50000000000000000E+02  -0.99000000000000000E+02  -0.77502035895138803E+01  -0.83179999999999996E+01   0.12999999999999999E-01   0.00000000000000000E+00   0.00000000000000000E+00   0.43676646960470720E+02
NP3P1       17   0.10000000000000000E+03  -0.99000000000000000E+02  -0.13273289172420276E+02  -0.13571000000000000E+02   0.19000000000000000E-01   0.00000000000000000E+00   0.00000000000000000E+00   0.15668990925248643E+02
NP3P1       17   0.15000000000000000E+03  -0.99000000000000000E+02  -0.19399955587653039E+02  -0.18033999999999999E+02   0.25000000000000001E-01   0.00000000000000000E+00   0.00000000000000000E+00  -0.54638223506121619E+02
NP3P1       17   0.20000000000000000E+03  -0.99000000000000000E+02  -0.26138939831476200E+02  -0.21957999999999998E+02   0.36999999999999998E-01   0.00000000000000000E+00   0.00000000000000000E+00  -0.11299837382368115E+03
NP3P1       17   0.25000000000000000E+03  -0.99000000000000000E+02  -0.32740495175724114E+02  -0.25375000000000000E+02   0.50999999999999997E-01   0.00000000000000000E+00   0.00000000000000000E+00  -0.14442147403380616E+03
NP3P1       17   0.30000000000000000E+03  -0.99000000000000000E+02  -0.37880045356410598E+02  -0.28308000000000000E+02   0.65000000000000002E-01   0.00000000000000000E+00   0.00000000000000000E+00  -0.14726223625247073E+03
NP3P1       17   0.35000000000000000E+03  -0.99000000000000000E+02  -0.39462222196891261E+02  -0.30747000000000000E+02   0.75999999999999998E-01   0.00000000000000000E+00   0.00000000000000000E+00  -0.11467397627488502E+03
NP3F3       18   0.10000000000000000E+01  -0.99000000000000000E+02  -0.25507697768014597E-04   0.00000000000000000E+00   0.50000000000000001E-03   0.00000000000000000E+00   0.00000000000000000E+00  -0.51015395536029191E-01
NP3F3       18   0.50000000000000000E+01  -0.99000000000000000E+02  -0.41207900845985565E-02  -0.40000000000000001E-02   0.50000000000000001E-03   0.00000000000000000E+00   0.00000000000000000E+00  -0.24158016919711284E+00
NP3F3       18   0.10000000000000000E+02  -0.99000000000000000E+02  -0.26739295696589217E-01  -0.25999999999999999E-01   0.50000000000000001E-03   0.00000000000000000E+00   0.00000000000000000E+00  -0.14785913931784356E+01
NP3F3       18   0.25000000000000000E+02  -0.99000000000000000E+02  -0.19862512684739303E+00  -0.19800000000000001E+00   0.50000000000000001E-03   0.00000000000000000E+00   0.00000000000000000E+00  -0.12502536947860410E+01
NP3F3       18   0.50000000000000000E+02  -0.99000000000000000E+02  -0.61255854141818344E+00  -0.61099999999999999E+00   0.20000000000000000E-02   0.00000000000000000E+00   0.00000000000000000E+00  -0.77927070909172835E+00
NP3F3       18   0.10000000000000000E+03  -0.99000000000000000E+02  -0.13383834239580987E+01  -0.13810000000000000E+01   0.89999999999999993E-02   0.00000000000000000E+00   0.00000000000000000E+00   0.47351751157668094E+01
NP3F3       18   0.15000000000000000E+03  -0.99000000000000000E+02  -0.17319666226138366E+01  -0.20040000000000000E+01   0.20000000000000000E-01   0.00000000000000000E+00   0.00000000000000000E+00   0.13601668869308170E+02
NP3F3       18   0.20000000000000000E+03  -0.99000000000000000E+02  -0.17859645546384770E+01  -0.25089999999999999E+01   0.33000000000000002E-01   0.00000000000000000E+00   0.00000000000000000E+00   0.21910165010955236E+02
NP3F3       18   0.25000000000000000E+03  -0.99000000000000000E+02  -0.15624970489705612E+01  -0.27810000000000001E+01   0.45999999999999999E-01   0.00000000000000000E+00   0.00000000000000000E+00   0.26489194587596501E+02
NP3F3       18   0.30000000000000000E+03  -0.99000000000000000E+02  -0.11737618560532432E+01  -0.26490000000000000E+01   0.53999999999999999E-01   0.00000000000000000E+00   0.00000000000000000E+00   0.27319224887902905E+02
NP3F3       18   0.35000000000000000E+03  -0.99000000000000000E+02  -0.75347202380928735E+00  -0.20400000000000000E+01   0.69000000000000006E-01   0.00000000000000000E+00   0.00000000000000000E+00   0.18645332988271196E+02
NP3P2       19   0.10000000000000000E+01  -0.99000000000000000E+02   0.23948411432307998E-01   0.21999999999999999E-01   0.50000000000000001E-03   0.00000000000000000E+00   0.00000000000000000E+00   0.38968228646159981E+01
NP3P2       19   0.50000000000000000E+01  -0.99000000000000000E+02   0.27598888836382079E+00   0.25800000000000001E+00   0.10000000000000000E-02   0.00000000000000000E+00   0.00000000000000000E+00   0.17988888363820788E+02
NP3P2       19   0.10000000000000000E+02  -0.99000000000000000E+02   0.78115594165958668E+00   0.72699999999999998E+00   0.20000000000000000E-02   0.00000000000000000E+00   0.00000000000000000E+00   0.27077970829793351E+02
NP3P2       19   0.25000000000000000E+02  -0.99000000000000000E+02   0.28697099576468963E+01   0.26269999999999998E+01   0.50000000000000001E-02   0.00000000000000000E+00   0.00000000000000000E+00   0.48541991529379303E+02
NP3P2       19   0.50000000000000000E+02  -0.99000000000000000E+02   0.67679228237942786E+01   0.60110000000000001E+01   0.89999999999999993E-02   0.00000000000000000E+00   0.00000000000000000E+00   0.84102535977142054E+02
NP3P2       19   0.10000000000000000E+03  -0.99000000000000000E+02   0.12705665479691032E+02   0.11061999999999999E+02   0.17999999999999999E-01   0.00000000000000000E+00   0.00000000000000000E+00   0.91314748871724021E+02
NP3P2       19   0.15000000000000000E+03  -0.99000000000000000E+02   0.15102188371654709E+02   0.14004000000000000E+02   0.20000000000000000E-01   0.00000000000000000E+00   0.00000000000000000E+00   0.54909418582735455E+02
NP3P2       19   0.20000000000000000E+03  -0.99000000000000000E+02   0.14685494336034377E+02   0.15696999999999999E+02   0.25999999999999999E-01   0.00000000000000000E+00   0.00000000000000000E+00  -0.38904063998677756E+02
NP3P2       19   0.25000000000000000E+03  -0.99000000000000000E+02   0.12504006839274380E+02   0.16542000000000002E+02   0.32000000000000001E-01   0.00000000000000000E+00   0.00000000000000000E+00  -0.12618728627267566E+03
NP3P2       19   0.30000000000000000E+03  -0.99000000000000000E+02   0.94796423598114234E+01   0.16696999999999999E+02   0.33000000000000002E-01   0.00000000000000000E+00   0.00000000000000000E+00  -0.21870780727844169E+03
NP3P2       19   0.35000000000000000E+03  -0.99000000000000000E+02   0.63668984370082233E+01   0.16280000000000001E+02   0.29999999999999999E-01   0.00000000000000000E+00   0.00000000000000000E+00  -0.33043671876639257E+03
NPE2        20   0.10000000000000000E+01  -0.99000000000000000E+02  -0.13121137852663974E-02  -0.10000000000000000E-02   0.50000000000000001E-03   0.00000000000000000E+00   0.00000000000000000E+00  -0.62422757053279476E+00
NPE2        20   0.50000000000000000E+01  -0.99000000000000000E+02  -0.48862977471715349E-01  -0.48000000000000001E-01   0.50000000000000001E-03   0.00000000000000000E+00   0.00000000000000000E+00  -0.17259549434306964E+01
NPE2        20   0.10000000000000000E+02  -0.99000000000000000E+02  -0.18377271694432720E+00  -0.18400000000000000E+00   0.50000000000000001E-03   0.00000000000000000E+00   0.00000000000000000E+00   0.45456611134558900E+00
NPE2        20   0.25000000000000000E+02  -0.99000000000000000E+02  -0.75379290635224960E+00  -0.76300000000000001E+00   0.10000000000000000E-02   0.00000000000000000E+00   0.00000000000000000E+00   0.92070936477504084E+01
NPE2        20   0.50000000000000000E+02  -0.99000000000000000E+02  -0.16201805270568421E+01  -0.16610000000000000E+01   0.40000000000000001E-02   0.00000000000000000E+00   0.00000000000000000E+00   0.10204868235789476E+02
NPE2        20   0.10000000000000000E+03  -0.99000000000000000E+02  -0.25118398577011569E+01  -0.26650000000000000E+01   0.80000000000000002E-02   0.00000000000000000E+00   0.00000000000000000E+00   0.19145017787355389E+02
NPE2        20   0.15000000000000000E+03  -0.99000000000000000E+02  -0.26213367923980515E+01  -0.29820000000000002E+01   0.12000000000000000E-01   0.00000000000000000E+00   0.00000000000000000E+00   0.30055267300162392E+02
NPE2        20   0.20000000000000000E+03  -0.99000000000000000E+02  -0.23384238472129533E+01  -0.29710000000000001E+01   0.17000000000000001E-01   0.00000000000000000E+00   0.00000000000000000E+00   0.37210361928649810E+02
NPE2        20   0.25000000000000000E+03  -0.99000000000000000E+02  -0.18842155852288813E+01  -0.27480000000000002E+01   0.21999999999999999E-01   0.00000000000000000E+00   0.00000000000000000E+00   0.39262927944141772E+02
NPE2        20   0.30000000000000000E+03  -0.99000000000000000E+02  -0.13853390236089345E+01  -0.23279999999999998E+01   0.29999999999999999E-01   0.00000000000000000E+00   0.00000000000000000E+00   0.31422032546368847E+02
NPE2        20   0.35000000000000000E+03  -0.99000000000000000E+02  -0.92218875399576805E+00  -0.17270000000000001E+01   0.40000000000000001E-01   0.00000000000000000E+00   0.00000000000000000E+00   0.20120281150105800E+02
NP3F2       21   0.10000000000000000E+01  -0.99000000000000000E+02   0.94425973981689027E-05   0.00000000000000000E+00   0.50000000000000001E-03   0.00000000000000000E+00   0.00000000000000000E+00   0.18885194796337806E-01
NP3F2       21   0.50000000000000000E+01  -0.99000000000000000E+02   0.16285949251344358E-02   0.20000000000000000E-02   0.50000000000000001E-03   0.00000000000000000E+00   0.00000000000000000E+00  -0.74281014973112847E+00
NP3F2       21   0.10000000000000000E+02  -0.99000000000000000E+02   0.11170331481860380E-01   0.10999999999999999E-01   0.50000000000000001E-03   0.00000000000000000E+00   0.00000000000000000E+00   0.34066296372076144E+00
NP3F2       21   0.25000000000000000E+02  -0.99000000000000000E+02   0.91654239442930108E-01   0.90999999999999998E-01   0.50000000000000001E-03   0.00000000000000000E+00   0.00000000000000000E+00   0.13084788858602203E+01
NP3F2       21   0.50000000000000000E+02  -0.99000000000000000E+02   0.31306789353744546E+00   0.30800000000000000E+00   0.20000000000000000E-02   0.00000000000000000E+00   0.00000000000000000E+00   0.25339467687227333E+01
NP3F2       21   0.10000000000000000E+03  -0.99000000000000000E+02   0.82263039432972551E+00   0.77500000000000002E+00   0.89999999999999993E-02   0.00000000000000000E+00   0.00000000000000000E+00   0.52922660366361658E+01
NP3F2       21   0.15000000000000000E+03  -0.99000000000000000E+02   0.13066462453182022E+01   0.11100000000000001E+01   0.17000000000000001E-01   0.00000000000000000E+00   0.00000000000000000E+00   0.11567426195188357E+02
NP3F2       21   0.20000000000000000E+03  -0.99000000000000000E+02   0.16670072064810570E+01   0.12120000000000000E+01   0.21999999999999999E-01   0.00000000000000000E+00   0.00000000000000000E+00   0.20682145749138961E+02
NP3F2       21   0.25000000000000000E+03  -0.99000000000000000E+02   0.18050865137717569E+01   0.10740000000000001E+01   0.28000000000000001E-01   0.00000000000000000E+00   0.00000000000000000E+00   0.26110232634705600E+02
NP3F2       21   0.30000000000000000E+03  -0.99000000000000000E+02   0.16820650335350669E+01   0.74399999999999999E+00   0.40000000000000001E-01   0.00000000000000000E+00   0.00000000000000000E+00   0.23451625838376671E+02
NP3F2       21   0.35000000000000000E+03  -0.99000000000000000E+02   0.13492826144845809E+01   0.26000000000000001E+00   0.56000000000000001E-01   0.00000000000000000E+00   0.00000000000000000E+00   0.19451475258653229E+02
NP3F4       22   0.10000000000000000E+01  -0.99000000000000000E+02   0.19021536367544107E-06   0.00000000000000000E+00   0.50000000000000001E-03   0.00000000000000000E+00   0.00000000000000000E+00   0.38043072735088212E-03
NP3F4       22   0.50000000000000000E+01  -0.99000000000000000E+02   0.91245345107348648E-04   0.00000000000000000E+00   0.50000000000000001E-03   0.00000000000000000E+00   0.00000000000000000E+00   0.18249069021469730E+00
NP3F4       22   0.10000000000000000E+02  -0.99000000000000000E+02   0.10293450517868566E-02   0.10000000000000000E-02   0.50000000000000001E-03   0.00000000000000000E+00   0.00000000000000000E+00   0.58690103573713105E-01
NP3F4       22   0.25000000000000000E+02  -0.99000000000000000E+02   0.16075334422319325E-01   0.16000000000000000E-01   0.50000000000000001E-03   0.00000000000000000E+00   0.00000000000000000E+00   0.15066884463865032E+00
NP3F4       22   0.50000000000000000E+02  -0.99000000000000000E+02   0.88249165823157630E-01   0.91999999999999998E-01   0.10000000000000000E-02   0.00000000000000000E+00   0.00000000000000000E+00  -0.37508341768423685E+01
NP3F4       22   0.10000000000000000E+03  -0.99000000000000000E+02   0.35936545664483055E+00   0.43700000000000000E+00   0.50000000000000001E-02   0.00000000000000000E+00   0.00000000000000000E+00  -0.15526908671033890E+02
NP3F4       22   0.15000000000000000E+03  -0.99000000000000000E+02   0.69757227267884370E+00   0.97099999999999997E+00   0.10000000000000000E-01   0.00000000000000000E+00   0.00000000000000000E+00  -0.27342772732115627E+02
NP3F4       22   0.20000000000000000E+03  -0.99000000000000000E+02   0.98957159425847030E+00   0.15629999999999999E+01   0.16000000000000000E-01   0.00000000000000000E+00   0.00000000000000000E+00  -0.35839275358845605E+02
NP3F4       22   0.25000000000000000E+03  -0.99000000000000000E+02   0.11422016853829828E+01   0.20960000000000001E+01   0.21999999999999999E-01   0.00000000000000000E+00   0.00000000000000000E+00  -0.43354468846228059E+02
NP3F4       22   0.30000000000000000E+03  -0.99000000000000000E+02   0.11110387275599107E+01   0.25129999999999999E+01   0.27000000000000000E-01   0.00000000000000000E+00   0.00000000000000000E+00  -0.51924491571855157E+02
NP3F4       22   0.35000000000000000E+03  -0.99000000000000000E+02   0.91939390270026156E+00   0.28220000000000001E+01   0.42999999999999997E-01   0.00000000000000000E+00   0.00000000000000000E+00  -0.44246653425575317E+02
NPE4        23   0.10000000000000000E+01  -0.99000000000000000E+02  -0.39305872629274024E-06   0.00000000000000000E+00   0.50000000000000001E-03   0.00000000000000000E+00   0.00000000000000000E+00  -0.78611745258548051E-03
NPE4        23   0.50000000000000000E+01  -0.99000000000000000E+02  -0.27232466730166331E-03   0.00000000000000000E+00   0.50000000000000001E-03   0.00000000000000000E+00   0.00000000000000000E+00  -0.54464933460332665E+00
NPE4        23   0.10000000000000000E+02  -0.99000000000000000E+02  -0.30099428642433234E-02  -0.30000000000000001E-02   0.50000000000000001E-03   0.00000000000000000E+00   0.00000000000000000E+00  -0.19885728486646742E-01
NPE4        23   0.25000000000000000E+02  -0.99000000000000000E+02  -0.39327301148307924E-01  -0.39000000000000000E-01   0.50000000000000001E-03   0.00000000000000000E+00   0.00000000000000000E+00  -0.65460229661584712E+00
NPE4        23   0.50000000000000000E+02  -0.99000000000000000E+02  -0.16705706355325514E+00  -0.17000000000000001E+00   0.50000000000000001E-03   0.00000000000000000E+00   0.00000000000000000E+00   0.58858728934897409E+01
NPE4        23   0.10000000000000000E+03  -0.99000000000000000E+02  -0.47345550201384701E+00  -0.50600000000000001E+00   0.10000000000000000E-02   0.00000000000000000E+00   0.00000000000000000E+00   0.32544497986152997E+02
NPE4        23   0.15000000000000000E+03  -0.99000000000000000E+02  -0.71149632769147830E+00  -0.82899999999999996E+00   0.30000000000000001E-02   0.00000000000000000E+00   0.00000000000000000E+00   0.39167890769507217E+02
NPE4        23   0.20000000000000000E+03  -0.99000000000000000E+02  -0.82757772453135003E+00  -0.10950000000000000E+01   0.50000000000000001E-02   0.00000000000000000E+00   0.00000000000000000E+00   0.53484455093729984E+02
NPE4        23   0.25000000000000000E+03  -0.99000000000000000E+02  -0.81154722330341322E+00  -0.12949999999999999E+01   0.60000000000000001E-02   0.00000000000000000E+00   0.00000000000000000E+00   0.80575462782764447E+02
NPE4        23   0.30000000000000000E+03  -0.99000000000000000E+02  -0.68711160088761569E+00  -0.14440000000000000E+01   0.70000000000000001E-02   0.00000000000000000E+00   0.00000000000000000E+00   0.10812691415891203E+03
NPE4        23   0.35000000000000000E+03  -0.99000000000000000E+02  -0.50384796857932801E+00  -0.15710000000000000E+01   0.10000000000000000E-01   0.00000000000000000E+00   0.00000000000000000E+00   0.10671520314206720E+03
NP3H4       24   0.10000000000000000E+01  -0.99000000000000000E+02   0.16120139704292569E-08   0.00000000000000000E+00   0.50000000000000001E-03   0.00000000000000000E+00   0.00000000000000000E+00   0.32240279408585137E-05
NP3H4       24   0.50000000000000000E+01  -0.99000000000000000E+02   0.52374963358659381E-05   0.00000000000000000E+00   0.50000000000000001E-03   0.00000000000000000E+00   0.00000000000000000E+00   0.10474992671731876E-01
NP3H4       24   0.10000000000000000E+02  -0.99000000000000000E+02   0.10763919842918404E-03   0.00000000000000000E+00   0.50000000000000001E-03   0.00000000000000000E+00   0.00000000000000000E+00   0.21527839685836808E+00
NP3H4       24   0.25000000000000000E+02  -0.99000000000000000E+02   0.29609152878444151E-02   0.30000000000000001E-02   0.50000000000000001E-03   0.00000000000000000E+00   0.00000000000000000E+00  -0.78169424311169855E-01
NP3H4       24   0.50000000000000000E+02  -0.99000000000000000E+02   0.20619020834107819E-01   0.21000000000000001E-01   0.50000000000000001E-03   0.00000000000000000E+00   0.00000000000000000E+00  -0.76195833178436390E+00
NP3H4       24   0.10000000000000000E+03  -0.99000000000000000E+02   0.90917572410908629E-01   0.92999999999999999E-01   0.50000000000000001E-03   0.00000000000000000E+00   0.00000000000000000E+00  -0.41648551781827416E+01
NP3H4       24   0.15000000000000000E+03  -0.99000000000000000E+02   0.17553056122140370E+00   0.19400000000000001E+00   0.20000000000000000E-02   0.00000000000000000E+00   0.00000000000000000E+00  -0.92347193892981512E+01
NP3H4       24   0.20000000000000000E+03  -0.99000000000000000E+02   0.24624488994034968E+00   0.30900000000000000E+00   0.60000000000000001E-02   0.00000000000000000E+00   0.00000000000000000E+00  -0.10459185009941718E+02
NP3H4       24   0.25000000000000000E+03  -0.99000000000000000E+02   0.28313880796813973E+00   0.42299999999999999E+00   0.12000000000000000E-01   0.00000000000000000E+00   0.00000000000000000E+00  -0.11655099335988355E+02
NP3H4       24   0.30000000000000000E+03  -0.99000000000000000E+02   0.27667268345247131E+00   0.51800000000000002E+00   0.19000000000000000E-01   0.00000000000000000E+00   0.00000000000000000E+00  -0.12701437713027827E+02
NP3H4       24   0.35000000000000000E+03  -0.99000000000000000E+02   0.23139032008399141E+00   0.57799999999999996E+00   0.25999999999999999E-01   0.00000000000000000E+00   0.00000000000000000E+00  -0.13331141535231099E+02
NP1P1       25   0.10000000000000000E+01  -0.99000000000000000E+02  -0.19336581447491946E+00  -0.18600000000000000E+00   0.50000000000000001E-03   0.00000000000000000E+00   0.00000000000000000E+00  -0.14731628949838926E+02
NP1P1       25   0.50000000000000000E+01  -0.99000000000000000E+02  -0.15411689501793009E+01  -0.14940000000000000E+01   0.40000000000000001E-02   0.00000000000000000E+00   0.00000000000000000E+00  -0.11792237544825223E+02
NP1P1       25   0.10000000000000000E+02  -0.99000000000000000E+02  -0.31689489203931256E+01  -0.30619999999999998E+01   0.10000000000000000E-01   0.00000000000000000E+00   0.00000000000000000E+00  -0.10694892039312576E+02
NP1P1       25   0.25000000000000000E+02  -0.99000000000000000E+02  -0.66672102254697174E+01  -0.63570000000000002E+01   0.33000000000000002E-01   0.00000000000000000E+00   0.00000000000000000E+00  -0.94003098627187036E+01
NP1P1       25   0.50000000000000000E+02  -0.99000000000000000E+02  -0.10352513579572442E+02  -0.96630000000000003E+01   0.69000000000000006E-01   0.00000000000000000E+00   0.00000000000000000E+00  -0.99929504285861075E+01
NP1P1       25   0.10000000000000000E+03  -0.99000000000000000E+02  -0.16049405553760241E+02  -0.14207000000000001E+02   0.10600000000000000E+00   0.00000000000000000E+00   0.00000000000000000E+00  -0.17381184469436231E+02
NP1P1       25   0.15000000000000000E+03  -0.99000000000000000E+02  -0.21873393924224590E+02  -0.17977000000000000E+02   0.11899999999999999E+00   0.00000000000000000E+00   0.00000000000000000E+00  -0.32742806085920925E+02
NP1P1       25   0.20000000000000000E+03  -0.99000000000000000E+02  -0.27956359488387108E+02  -0.21234999999999999E+02   0.14399999999999999E+00   0.00000000000000000E+00   0.00000000000000000E+00  -0.46676107558243807E+02
NP1P1       25   0.25000000000000000E+03  -0.99000000000000000E+02  -0.33574638522703552E+02  -0.24030000000000001E+02   0.18500000000000000E+00   0.00000000000000000E+00   0.00000000000000000E+00  -0.51592640663262436E+02
NP1P1       25   0.30000000000000000E+03  -0.99000000000000000E+02  -0.37385230098743712E+02  -0.26417999999999999E+02   0.22600000000000001E+00   0.00000000000000000E+00   0.00000000000000000E+00  -0.48527566808600497E+02
NP1P1       25   0.35000000000000000E+03  -0.99000000000000000E+02  -0.37324264791462916E+02  -0.28417999999999999E+02   0.26100000000000001E+00   0.00000000000000000E+00   0.00000000000000000E+00  -0.34123619890662518E+02
NP1F3       26   0.10000000000000000E+01  -0.99000000000000000E+02  -0.76884339460266230E-04   0.00000000000000000E+00   0.50000000000000001E-03   0.00000000000000000E+00   0.00000000000000000E+00  -0.15376867892053245E+00
NP1F3       26   0.50000000000000000E+01  -0.99000000000000000E+02  -0.11207605949791314E-01  -0.10000000000000000E-01   0.50000000000000001E-03   0.00000000000000000E+00   0.00000000000000000E+00  -0.24152118995826277E+01
NP1F3       26   0.10000000000000000E+02  -0.99000000000000000E+02  -0.66617430602608330E-01  -0.64000000000000001E-01   0.50000000000000001E-03   0.00000000000000000E+00   0.00000000000000000E+00  -0.52348612052166565E+01
NP1F3       26   0.25000000000000000E+02  -0.99000000000000000E+02  -0.42285073984251575E+00  -0.42099999999999999E+00   0.50000000000000001E-03   0.00000000000000000E+00   0.00000000000000000E+00  -0.37014796850315390E+01
NP1F3       26   0.50000000000000000E+02  -0.99000000000000000E+02  -0.11374203451088256E+01  -0.11419999999999999E+01   0.30000000000000001E-02   0.00000000000000000E+00   0.00000000000000000E+00   0.15265516303914299E+01
NP1F3       26   0.10000000000000000E+03  -0.99000000000000000E+02  -0.21924947382420878E+01  -0.23039999999999998E+01   0.21999999999999999E-01   0.00000000000000000E+00   0.00000000000000000E+00   0.50684209889959995E+01
NP1F3       26   0.15000000000000000E+03  -0.99000000000000000E+02  -0.27066577830436596E+01  -0.31779999999999999E+01   0.55000000000000000E-01   0.00000000000000000E+00   0.00000000000000000E+00   0.85698584901152799E+01
NP1F3       26   0.20000000000000000E+03  -0.99000000000000000E+02  -0.27715953571549732E+01  -0.39529999999999998E+01   0.85999999999999993E-01   0.00000000000000000E+00   0.00000000000000000E+00   0.13737263288895660E+02
NP1F3       26   0.25000000000000000E+03  -0.99000000000000000E+02  -0.24745412352816842E+01  -0.46719999999999997E+01   0.10199999999999999E+00   0.00000000000000000E+00   0.00000000000000000E+00   0.21543713379591331E+02
NP1F3       26   0.30000000000000000E+03  -0.99000000000000000E+02  -0.19389293813786754E+01  -0.52830000000000004E+01   0.10400000000000000E+00   0.00000000000000000E+00   0.00000000000000000E+00   0.32154525179051205E+02
NP1F3       26   0.35000000000000000E+03  -0.99000000000000000E+02  -0.13243704479765888E+01  -0.57039999999999997E+01   0.12500000000000000E+00   0.00000000000000000E+00   0.00000000000000000E+00   0.35037036416187291E+02
NP3D2       27   0.10000000000000000E+01  -0.99000000000000000E+02   0.60146103118983779E-02   0.60000000000000001E-02   0.50000000000000001E-03   0.00000000000000000E+00   0.00000000000000000E+00   0.29220623796755510E-01
NP3D2       27   0.50000000000000000E+01  -0.99000000000000000E+02   0.22300939818686680E+00   0.21900000000000000E+00   0.50000000000000001E-03   0.00000000000000000E+00   0.00000000000000000E+00   0.80187963737335934E+01
NP3D2       27   0.10000000000000000E+02  -0.99000000000000000E+02   0.84845504544139216E+00   0.84699999999999998E+00   0.10000000000000000E-02   0.00000000000000000E+00   0.00000000000000000E+00   0.14550454413921887E+01
NP3D2       27   0.25000000000000000E+02  -0.99000000000000000E+02   0.36988402361517951E+01   0.37290000000000001E+01   0.80000000000000002E-02   0.00000000000000000E+00   0.00000000000000000E+00  -0.37699704810256196E+01
NP3D2       27   0.50000000000000000E+02  -0.99000000000000000E+02   0.88856981386725788E+01   0.90570000000000004E+01   0.27000000000000000E-01   0.00000000000000000E+00   0.00000000000000000E+00  -0.63445133824970936E+01
NP3D2       27   0.10000000000000000E+03  -0.99000000000000000E+02   0.16846588077580829E+02   0.17387000000000000E+02   0.49000000000000002E-01   0.00000000000000000E+00   0.00000000000000000E+00  -0.11028814743248388E+02
NP3D2       27   0.15000000000000000E+03  -0.99000000000000000E+02   0.20621206215868558E+02   0.21962000000000000E+02   0.66000000000000003E-01   0.00000000000000000E+00   0.00000000000000000E+00  -0.20315057335324880E+02
NP3D2       27   0.20000000000000000E+03  -0.99000000000000000E+02   0.20811945624807308E+02   0.24016999999999999E+02   0.85000000000000006E-01   0.00000000000000000E+00   0.00000000000000000E+00  -0.37706522061090489E+02
NP3D2       27   0.25000000000000000E+03  -0.99000000000000000E+02   0.18520210657292377E+02   0.24846000000000000E+02   0.96000000000000002E-01   0.00000000000000000E+00   0.00000000000000000E+00  -0.65893638986537738E+02
NP3D2       27   0.30000000000000000E+03  -0.99000000000000000E+02   0.14826947742486819E+02   0.25324000000000002E+02   0.11400000000000000E+00   0.00000000000000000E+00   0.00000000000000000E+00  -0.92079405767659495E+02
NP3D2       27   0.35000000000000000E+03  -0.99000000000000000E+02   0.10669676839651270E+02   0.25949999999999999E+02   0.18900000000000000E+00   0.00000000000000000E+00   0.00000000000000000E+00  -0.80848270689675815E+02
NP3G4       28   0.10000000000000000E+01  -0.99000000000000000E+02   0.20374403580376335E-05   0.00000000000000000E+00   0.50000000000000001E-03   0.00000000000000000E+00   0.00000000000000000E+00   0.40748807160752671E-02
NP3G4       28   0.50000000000000000E+01  -0.99000000000000000E+02   0.13079091203615676E-02   0.10000000000000000E-02   0.50000000000000001E-03   0.00000000000000000E+00   0.00000000000000000E+00   0.61581824072313518E+00
NP3G4       28   0.10000000000000000E+02  -0.99000000000000000E+02   0.13759546355360580E-01   0.12000000000000000E-01   0.50000000000000001E-03   0.00000000000000000E+00   0.00000000000000000E+00   0.35190927107211603E+01
NP3G4       28   0.25000000000000000E+02  -0.99000000000000000E+02   0.17055605943801422E+00   0.17000000000000001E+00   0.50000000000000001E-03   0.00000000000000000E+00   0.00000000000000000E+00   0.11121188760284118E+01
NP3G4       28   0.50000000000000000E+02  -0.99000000000000000E+02   0.71726889112392511E+00   0.72699999999999998E+00   0.10000000000000000E-02   0.00000000000000000E+00   0.00000000000000000E+00  -0.97311088760748667E+01
NP3G4       28   0.10000000000000000E+03  -0.99000000000000000E+02   0.20842713595108271E+01   0.22480000000000002E+01   0.10000000000000000E-01   0.00000000000000000E+00   0.00000000000000000E+00  -0.16372864048917311E+02
NP3G4       28   0.15000000000000000E+03  -0.99000000000000000E+02   0.32319807541719721E+01   0.38919999999999999E+01   0.33000000000000002E-01   0.00000000000000000E+00   0.00000000000000000E+00  -0.20000583206909933E+02
NP3G4       28   0.20000000000000000E+03  -0.99000000000000000E+02   0.38738467841267452E+01   0.54840000000000000E+01   0.57000000000000002E-01   0.00000000000000000E+00   0.00000000000000000E+00  -0.28248302032864117E+02
NP3G4       28   0.25000000000000000E+03  -0.99000000000000000E+02   0.39130983244962381E+01   0.68849999999999998E+01   0.70000000000000007E-01   0.00000000000000000E+00   0.00000000000000000E+00  -0.42455738221482306E+02
NP3G4       28   0.30000000000000000E+03  -0.99000000000000000E+02   0.34188608629537218E+01   0.79859999999999998E+01   0.78000000000000000E-01   0.00000000000000000E+00   0.00000000000000000E+00  -0.58553065859567660E+02
NP3G4       28   0.35000000000000000E+03  -0.99000000000000000E+02   0.25950720524047606E+01   0.87289999999999992E+01   0.10400000000000000E+00   0.00000000000000000E+00   0.00000000000000000E+00  -0.58980076419184989E+02
NP3S1       29   0.10000000000000000E+01  -0.99000000000000000E+02  -0.32487391547299488E+02  -0.32353000000000002E+02   0.10000000000000000E-01   0.00000000000000000E+00   0.00000000000000000E+00  -0.13439154729948655E+02
NP3S1       29   0.50000000000000000E+01  -0.99000000000000000E+02  -0.62579721474673185E+02  -0.62045999999999999E+02   0.21999999999999999E-01   0.00000000000000000E+00   0.00000000000000000E+00  -0.24260067030599362E+02
NP3S1       29   0.10000000000000000E+02  -0.99000000000000000E+02  -0.78687790665456191E+02  -0.77707999999999998E+02   0.31000000000000000E-01   0.00000000000000000E+00   0.00000000000000000E+00  -0.31606150498586864E+02
NP3S1       29   0.25000000000000000E+02  -0.99000000000000000E+02   0.77863103332611900E+02   0.80135999999999996E+02   0.43999999999999997E-01   0.00000000000000000E+00   0.00000000000000000E+00  -0.51656742440638553E+02
NP3S1       29   0.50000000000000000E+02  -0.99000000000000000E+02   0.57484707799538320E+02   0.62159999999999997E+02   0.52999999999999999E-01   0.00000000000000000E+00   0.00000000000000000E+00  -0.88213060386069372E+02
NP3S1       29   0.10000000000000000E+03  -0.99000000000000000E+02   0.32064693847654006E+02   0.42712000000000003E+02   0.52999999999999999E-01   0.00000000000000000E+00   0.00000000000000000E+00  -0.20089256891218864E+03
NP3S1       29   0.15000000000000000E+03  -0.99000000000000000E+02   0.12568061936392024E+02   0.30391999999999999E+02   0.58000000000000003E-01   0.00000000000000000E+00   0.00000000000000000E+00  -0.30730927695875818E+03
NP3S1       29   0.20000000000000000E+03  -0.99000000000000000E+02  -0.47233221142373925E+01   0.20936000000000000E+02   0.71999999999999995E-01   0.00000000000000000E+00   0.00000000000000000E+00  -0.35637947380885265E+03
NP3S1       29   0.25000000000000000E+03  -0.99000000000000000E+02  -0.20637446751876219E+02   0.12945000000000000E+02   0.86999999999999994E-01   0.00000000000000000E+00   0.00000000000000000E+00  -0.38600513507903702E+03
NP3S1       29   0.30000000000000000E+03  -0.99000000000000000E+02  -0.35140992587846640E+02   0.58369999999999997E+01   0.98000000000000004E-01   0.00000000000000000E+00   0.00000000000000000E+00  -0.41814278150863919E+03
NP3S1       29   0.35000000000000000E+03  -0.99000000000000000E+02  -0.47560430604682296E+02  -0.64400000000000002E+00   0.10500000000000000E+00   0.00000000000000000E+00   0.00000000000000000E+00  -0.44682314861602191E+03
NPE1        30   0.10000000000000000E+01  -0.99000000000000000E+02  -0.10486759285117515E+00  -0.10400000000000000E+00   0.10000000000000000E-02   0.00000000000000000E+00   0.00000000000000000E+00  -0.86759285117515850E+00
NPE1        30   0.50000000000000000E+01  -0.99000000000000000E+02  -0.67572660246912197E+00  -0.65700000000000003E+00   0.40000000000000001E-02   0.00000000000000000E+00   0.00000000000000000E+00  -0.46816506172804857E+01
NPE1        30   0.10000000000000000E+02  -0.99000000000000000E+02  -0.11752163603736772E+01  -0.11250000000000000E+01   0.89999999999999993E-02   0.00000000000000000E+00   0.00000000000000000E+00  -0.55795955970752402E+01
NPE1        30   0.25000000000000000E+02  -0.99000000000000000E+02   0.18413130496829178E+01   0.17340000000000000E+01   0.20000000000000000E-01   0.00000000000000000E+00   0.00000000000000000E+00   0.53656524841458886E+01
NPE1        30   0.50000000000000000E+02  -0.99000000000000000E+02   0.21430087451285975E+01   0.20569999999999999E+01   0.36999999999999998E-01   0.00000000000000000E+00   0.00000000000000000E+00   0.23245606791512858E+01
NPE1        30   0.10000000000000000E+03  -0.99000000000000000E+02   0.20677199150106818E+01   0.24729999999999999E+01   0.68000000000000005E-01   0.00000000000000000E+00   0.00000000000000000E+00  -0.59600012498429127E+01
NPE1        30   0.15000000000000000E+03  -0.99000000000000000E+02   0.13980168433380296E+01   0.29380000000000002E+01   0.95000000000000001E-01   0.00000000000000000E+00   0.00000000000000000E+00  -0.16210349017494426E+02
NPE1        30   0.20000000000000000E+03  -0.99000000000000000E+02  -0.30579799978529266E-01   0.34480000000000000E+01   0.11200000000000000E+00   0.00000000000000000E+00   0.00000000000000000E+00  -0.31058748214094010E+02
NPE1        30   0.25000000000000000E+03  -0.99000000000000000E+02  -0.23368042263174575E+01   0.40359999999999996E+01   0.11100000000000000E+00   0.00000000000000000E+00   0.00000000000000000E+00  -0.57412650687544662E+02
NPE1        30   0.30000000000000000E+03  -0.99000000000000000E+02  -0.52964138186034679E+01   0.47530000000000001E+01   0.11300000000000000E+00   0.00000000000000000E+00   0.00000000000000000E+00  -0.88932865651358128E+02
NPE1        30   0.35000000000000000E+03  -0.99000000000000000E+02  -0.81670299085515392E+01   0.56100000000000003E+01   0.16900000000000001E+00   0.00000000000000000E+00   0.00000000000000000E+00  -0.81520887032849345E+02
NP3D1       31   0.10000000000000000E+01  -0.99000000000000000E+02  -0.52352549193433826E-02  -0.50000000000000001E-02   0.50000000000000001E-03   0.00000000000000000E+00   0.00000000000000000E+00  -0.47050983868676505E+00
NP3D1       31   0.50000000000000000E+01  -0.99000000000000000E+02  -0.18644667235707735E+00  -0.17999999999999999E+00   0.50000000000000001E-03   0.00000000000000000E+00   0.00000000000000000E+00  -0.12893344714154708E+02
NP3D1       31   0.10000000000000000E+02  -0.99000000000000000E+02  -0.69153405128723511E+00  -0.67100000000000004E+00   0.20000000000000000E-02   0.00000000000000000E+00   0.00000000000000000E+00  -0.10267025643617533E+02
NP3D1       31   0.25000000000000000E+02  -0.99000000000000000E+02  -0.28942065272123152E+01  -0.27879999999999998E+01   0.89999999999999993E-02   0.00000000000000000E+00   0.00000000000000000E+00  -0.11800725245812821E+02
NP3D1       31   0.50000000000000000E+02  -0.99000000000000000E+02  -0.67621528096732089E+01  -0.64230000000000000E+01   0.25999999999999999E-01   0.00000000000000000E+00   0.00000000000000000E+00  -0.13044338833584955E+02
NP3D1       31   0.10000000000000000E+03  -0.99000000000000000E+02  -0.13108069304136945E+02  -0.12198000000000000E+02   0.48000000000000001E-01   0.00000000000000000E+00   0.00000000000000000E+00  -0.18959777169519686E+02
NP3D1       31   0.15000000000000000E+03  -0.99000000000000000E+02  -0.17428128512790106E+02  -0.16407000000000000E+02   0.58000000000000003E-01   0.00000000000000000E+00   0.00000000000000000E+00  -0.17605664013622523E+02
NP3D1       31   0.20000000000000000E+03  -0.99000000000000000E+02  -0.19478328264170493E+02  -0.19681999999999999E+02   0.70999999999999994E-01   0.00000000000000000E+00   0.00000000000000000E+00   0.28686159975986723E+01
NP3D1       31   0.25000000000000000E+03  -0.99000000000000000E+02  -0.18820891453902227E+02  -0.22324000000000002E+02   0.80000000000000002E-01   0.00000000000000000E+00   0.00000000000000000E+00   0.43788856826222180E+02
NP3D1       31   0.30000000000000000E+03  -0.99000000000000000E+02  -0.15459036419312604E+02  -0.24369000000000000E+02   0.10800000000000000E+00   0.00000000000000000E+00   0.00000000000000000E+00   0.82499662784142558E+02
NP3D1       31   0.35000000000000000E+03  -0.99000000000000000E+02  -0.10547136278845892E+02  -0.25699000000000002E+02   0.19100000000000000E+00   0.00000000000000000E+00   0.00000000000000000E+00   0.79329129430126230E+02
NP3D3       32   0.10000000000000000E+01  -0.99000000000000000E+02   0.39394469613291311E-04   0.00000000000000000E+00   0.50000000000000001E-03   0.00000000000000000E+00   0.00000000000000000E+00   0.78788939226582616E-01
NP3D3       32   0.50000000000000000E+01  -0.99000000000000000E+02  -0.87667146240090997E-03   0.20000000000000000E-02   0.50000000000000001E-03   0.00000000000000000E+00   0.00000000000000000E+00  -0.57533429248018200E+01
NP3D3       32   0.10000000000000000E+02  -0.99000000000000000E+02  -0.10630535424564259E-01   0.50000000000000001E-02   0.50000000000000001E-03   0.00000000000000000E+00   0.00000000000000000E+00  -0.31261070849128519E+02
NP3D3       32   0.25000000000000000E+02  -0.99000000000000000E+02  -0.91697489815651609E-01   0.42999999999999997E-01   0.10000000000000000E-02   0.00000000000000000E+00   0.00000000000000000E+00  -0.13469748981565161E+03
NP3D3       32   0.50000000000000000E+02  -0.99000000000000000E+02  -0.28601895477557721E+00   0.31500000000000000E+00   0.40000000000000001E-02   0.00000000000000000E+00   0.00000000000000000E+00  -0.15025473869389430E+03
NP3D3       32   0.10000000000000000E+03  -0.99000000000000000E+02  -0.74258729204716412E+00   0.14440000000000000E+01   0.16000000000000000E-01   0.00000000000000000E+00   0.00000000000000000E+00  -0.13666170575294774E+03
NP3D3       32   0.15000000000000000E+03  -0.99000000000000000E+02  -0.12722918512464030E+01   0.26429999999999998E+01   0.33000000000000002E-01   0.00000000000000000E+00   0.00000000000000000E+00  -0.11864520761352736E+03
NP3D3       32   0.20000000000000000E+03  -0.99000000000000000E+02  -0.17525629041556972E+01   0.34849999999999999E+01   0.50999999999999997E-01   0.00000000000000000E+00   0.00000000000000000E+00  -0.10269731184619013E+03
NP3D3       32   0.25000000000000000E+03  -0.99000000000000000E+02  -0.20095608233528770E+01   0.39310000000000000E+01   0.70999999999999994E-01   0.00000000000000000E+00   0.00000000000000000E+00  -0.83669870751448983E+02
NP3D3       32   0.30000000000000000E+03  -0.99000000000000000E+02  -0.19292497454894215E+01   0.40990000000000002E+01   0.95000000000000001E-01   0.00000000000000000E+00   0.00000000000000000E+00  -0.63455260478836017E+02
NP3D3       32   0.35000000000000000E+03  -0.99000000000000000E+02  -0.15424808175092921E+01   0.41210000000000004E+01   0.12100000000000000E+00   0.00000000000000000E+00   0.00000000000000000E+00  -0.46805626590985888E+02
NPE3        33   0.10000000000000000E+01  -0.99000000000000000E+02   0.89466142837839945E-04   0.00000000000000000E+00   0.50000000000000001E-03   0.00000000000000000E+00   0.00000000000000000E+00   0.17893228567567990E+00
NPE3        33   0.50000000000000000E+01  -0.99000000000000000E+02   0.13379071377426765E-01   0.12000000000000000E-01   0.50000000000000001E-03   0.00000000000000000E+00   0.00000000000000000E+00   0.27581427548535284E+01
NPE3        33   0.10000000000000000E+02  -0.99000000000000000E+02   0.81751439801028378E-01   0.80000000000000002E-01   0.50000000000000001E-03   0.00000000000000000E+00   0.00000000000000000E+00   0.35028796020567521E+01
NPE3        33   0.25000000000000000E+02  -0.99000000000000000E+02   0.55380738404343610E+00   0.55300000000000005E+00   0.50000000000000001E-03   0.00000000000000000E+00   0.00000000000000000E+00   0.16147680868721093E+01
NPE3        33   0.50000000000000000E+02  -0.99000000000000000E+02   0.16102815046905345E+01   0.16150000000000000E+01   0.30000000000000001E-02   0.00000000000000000E+00   0.00000000000000000E+00  -0.15728317698218142E+01
NPE3        33   0.10000000000000000E+03  -0.99000000000000000E+02   0.34767660793154955E+01   0.34980000000000002E+01   0.16000000000000000E-01   0.00000000000000000E+00   0.00000000000000000E+00  -0.13271200427815433E+01
NPE3        33   0.15000000000000000E+03  -0.99000000000000000E+02   0.47327115946885545E+01   0.48250000000000002E+01   0.28000000000000001E-01   0.00000000000000000E+00   0.00000000000000000E+00  -0.32960144754087737E+01
NPE3        33   0.20000000000000000E+03  -0.99000000000000000E+02   0.53412117909864687E+01   0.57489999999999997E+01   0.34000000000000002E-01   0.00000000000000000E+00   0.00000000000000000E+00  -0.11993770853339145E+02
NPE3        33   0.25000000000000000E+03  -0.99000000000000000E+02   0.52687083186050057E+01   0.64269999999999996E+01   0.42999999999999997E-01   0.00000000000000000E+00   0.00000000000000000E+00  -0.26937015846395209E+02
NPE3        33   0.30000000000000000E+03  -0.99000000000000000E+02   0.45587849931035711E+01   0.69379999999999997E+01   0.52999999999999999E-01   0.00000000000000000E+00   0.00000000000000000E+00  -0.44890849186725070E+02
NPE3        33   0.35000000000000000E+03  -0.99000000000000000E+02   0.34183110311001084E+01   0.72939999999999996E+01   0.64000000000000001E-01   0.00000000000000000E+00   0.00000000000000000E+00  -0.60557640139060801E+02
NP3G3       34   0.10000000000000000E+01  -0.99000000000000000E+02  -0.52631285463329168E-06   0.00000000000000000E+00   0.50000000000000001E-03   0.00000000000000000E+00   0.00000000000000000E+00  -0.10526257092665834E-02
NP3G3       34   0.50000000000000000E+01  -0.99000000000000000E+02  -0.35267497241565357E-03   0.00000000000000000E+00   0.50000000000000001E-03   0.00000000000000000E+00   0.00000000000000000E+00  -0.70534994483130709E+00
NP3G3       34   0.10000000000000000E+02  -0.99000000000000000E+02  -0.38723973235696213E-02  -0.30000000000000001E-02   0.50000000000000001E-03   0.00000000000000000E+00   0.00000000000000000E+00  -0.17447946471392424E+01
NP3G3       34   0.25000000000000000E+02  -0.99000000000000000E+02  -0.53680797608424952E-01  -0.52999999999999999E-01   0.50000000000000001E-03   0.00000000000000000E+00   0.00000000000000000E+00  -0.13615952168499061E+01
NP3G3       34   0.50000000000000000E+02  -0.99000000000000000E+02  -0.26321783195059278E+00  -0.26500000000000001E+00   0.10000000000000000E-02   0.00000000000000000E+00   0.00000000000000000E+00   0.17821680494072289E+01
NP3G3       34   0.10000000000000000E+03  -0.99000000000000000E+02  -0.94980544382665322E+00  -0.99600000000000000E+00   0.89999999999999993E-02   0.00000000000000000E+00   0.00000000000000000E+00   0.51327284637051980E+01
NP3G3       34   0.15000000000000000E+03  -0.99000000000000000E+02  -0.17174081770943064E+01  -0.19190000000000000E+01   0.29999999999999999E-01   0.00000000000000000E+00   0.00000000000000000E+00   0.67197274301897894E+01
NP3G3       34   0.20000000000000000E+03  -0.99000000000000000E+02  -0.23281653683913297E+01  -0.28790000000000000E+01   0.52999999999999999E-01   0.00000000000000000E+00   0.00000000000000000E+00   0.10393106256767364E+02
NP3G3       34   0.25000000000000000E+03  -0.99000000000000000E+02  -0.25975540307534595E+01  -0.37989999999999999E+01   0.69000000000000006E-01   0.00000000000000000E+00   0.00000000000000000E+00   0.17412260423862904E+02
NP3G3       34   0.30000000000000000E+03  -0.99000000000000000E+02  -0.24354731269082790E+01  -0.46689999999999996E+01   0.84000000000000005E-01   0.00000000000000000E+00   0.00000000000000000E+00   0.26589605632044290E+02
NP3G3       34   0.35000000000000000E+03  -0.99000000000000000E+02  -0.19141490631672731E+01  -0.55170000000000003E+01   0.11799999999999999E+00   0.00000000000000000E+00   0.00000000000000000E+00   0.30532635057904468E+02
H2E     100001  -0.99000000000000000E+02  -0.99000000000000000E+02   0.00000000000000000E+00   0.00000000000000000E+00   0.10000000000000000E+01   0.00000000000000000E+00   0.00000000000000000E+00   0.00000000000000000E+00
H2E     100002  -0.99000000000000000E+02  -0.99000000000000000E+02   0.00000000000000000E+00   0.00000000000000000E+00   0.10000000000000000E+01   0.00000000000000000E+00   0.00000000000000000E+00   0.00000000000000000E+00
H2E     100003  -0.99000000000000000E+02  -0.99000000000000000E+02   0.00000000000000000E+00   0.00000000000000000E+00   0.10000000000000000E+01   0.00000000000000000E+00   0.00000000000000000E+00   0.00000000000000000E+00
H2E     100004  -0.99000000000000000E+02  -0.99000000000000000E+02   0.00000000000000000E+00   0.00000000000000000E+00   0.10000000000000000E+01   0.00000000000000000E+00   0.00000000000000000E+00   0.00000000000000000E+00
H2E     100005  -0.99000000000000000E+02  -0.99000000000000000E+02   0.00000000000000000E+00   0.00000000000000000E+00   0.10000000000000000E+01   0.00000000000000000E+00   0.00000000000000000E+00   0.00000000000000000E+00
H2E     100006  -0.99000000000000000E+02  -0.99000000000000000E+02   0.00000000000000000E+00   0.00000000000000000E+00   0.10000000000000000E+01   0.00000000000000000E+00   0.00000000000000000E+00   0.00000000000000000E+00
H2E     100007  -0.99000000000000000E+02  -0.99000000000000000E+02   0.00000000000000000E+00   0.00000000000000000E+00   0.10000000000000000E+01   0.00000000000000000E+00   0.00000000000000000E+00   0.00000000000000000E+00
H2E     100008  -0.99000000000000000E+02  -0.99000000000000000E+02   0.00000000000000000E+00   0.00000000000000000E+00   0.10000000000000000E+01   0.00000000000000000E+00   0.00000000000000000E+00   0.00000000000000000E+00
H2E     100009  -0.99000000000000000E+02  -0.99000000000000000E+02   0.00000000000000000E+00   0.00000000000000000E+00   0.10000000000000000E+01   0.00000000000000000E+00   0.00000000000000000E+00   0.00000000000000000E+00
H2E     100010  -0.99000000000000000E+02  -0.99000000000000000E+02   0.00000000000000000E+00   0.00000000000000000E+00   0.10000000000000000E+01   0.00000000000000000E+00   0.00000000000000000E+00   0.00000000000000000E+00
H2E     100011  -0.99000000000000000E+02  -0.99000000000000000E+02   0.00000000000000000E+00   0.00000000000000000E+00   0.10000000000000000E+01   0.00000000000000000E+00   0.00000000000000000E+00   0.00000000000000000E+00
H2E     100012  -0.99000000000000000E+02  -0.99000000000000000E+02   0.00000000000000000E+00   0.00000000000000000E+00   0.10000000000000000E+01   0.00000000000000000E+00   0.00000000000000000E+00   0.00000000000000000E+00
H2E     100013  -0.99000000000000000E+02  -0.99000000000000000E+02   0.00000000000000000E+00   0.00000000000000000E+00   0.10000000000000000E+01   0.00000000000000000E+00   0.00000000000000000E+00   0.00000000000000000E+00
H2E     100014  -0.99000000000000000E+02  -0.99000000000000000E+02   0.00000000000000000E+00   0.00000000000000000E+00   0.10000000000000000E+01   0.00000000000000000E+00   0.00000000000000000E+00   0.00000000000000000E+00
H2E     100015  -0.99000000000000000E+02  -0.99000000000000000E+02   0.00000000000000000E+00   0.00000000000000000E+00   0.10000000000000000E+01   0.00000000000000000E+00   0.00000000000000000E+00   0.00000000000000000E+00
H2E     100016  -0.99000000000000000E+02  -0.99000000000000000E+02   0.00000000000000000E+00   0.00000000000000000E+00   0.10000000000000000E+01   0.00000000000000000E+00   0.00000000000000000E+00   0.00000000000000000E+00
H2E     100017  -0.99000000000000000E+02  -0.99000000000000000E+02   0.00000000000000000E+00   0.00000000000000000E+00   0.10000000000000000E+01   0.00000000000000000E+00   0.00000000000000000E+00   0.00000000000000000E+00
H2E     100018  -0.99000000000000000E+02  -0.99000000000000000E+02   0.00000000000000000E+00   0.00000000000000000E+00   0.10000000000000000E+01   0.00000000000000000E+00   0.00000000000000000E+00   0.00000000000000000E+00
H2E     100019  -0.99000000000000000E+02  -0.99000000000000000E+02   0.00000000000000000E+00   0.00000000000000000E+00   0.10000000000000000E+01   0.00000000000000000E+00   0.00000000000000000E+00   0.00000000000000000E+00
H2E     100020  -0.99000000000000000E+02  -0.99000000000000000E+02   0.00000000000000000E+00   0.00000000000000000E+00   0.10000000000000000E+01   0.00000000000000000E+00   0.00000000000000000E+00   0.00000000000000000E+00
H2E     100021  -0.99000000000000000E+02  -0.99000000000000000E+02   0.00000000000000000E+00   0.00000000000000000E+00   0.10000000000000000E+01   0.00000000000000000E+00   0.00000000000000000E+00   0.00000000000000000E+00
H2E     100022  -0.99000000000000000E+02  -0.99000000000000000E+02   0.00000000000000000E+00   0.00000000000000000E+00   0.10000000000000000E+01   0.00000000000000000E+00   0.00000000000000000E+00   0.00000000000000000E+00
H2E     100023  -0.99000000000000000E+02  -0.99000000000000000E+02   0.00000000000000000E+00   0.00000000000000000E+00   0.10000000000000000E+01   0.00000000000000000E+00   0.00000000000000000E+00   0.00000000000000000E+00
H2E     100024  -0.99000000000000000E+02  -0.99000000000000000E+02   0.00000000000000000E+00   0.00000000000000000E+00   0.10000000000000000E+01   0.00000000000000000E+00   0.00000000000000000E+00   0.00000000000000000E+00
H2E     100025  -0.99000000000000000E+02  -0.99000000000000000E+02  -0.22586311165047777E+01  -0.22245750000000002E+01   0.22245750000000002E+01   0.00000000000000000E+00   0.00000000000000000E+00  -0.15309043976839380E-01
H2R     100025  -0.99000000000000000E+02  -0.99000000000000000E+02   0.19847617545033931E+01   0.19753499999999999E+01   0.19753499999999999E+01   0.00000000000000000E+00   0.00000000000000000E+00   0.47646009585102164E-02
H2Q     100025  -0.99000000000000000E+02  -0.99000000000000000E+02   0.26795893673766535E+00   0.27000000000000002E+00   0.27000000000000002E+00   0.00000000000000000E+00   0.00000000000000000E+00  -0.75594935642024578E-02
H2E     100026  -0.99000000000000000E+02  -0.99000000000000000E+02   0.00000000000000000E+00   0.00000000000000000E+00   0.10000000000000000E+01   0.00000000000000000E+00   0.00000000000000000E+00   0.00000000000000000E+00
H2E     100027  -0.99000000000000000E+02  -0.99000000000000000E+02   0.00000000000000000E+00   0.00000000000000000E+00   0.10000000000000000E+01   0.00000000000000000E+00   0.00000000000000000E+00   0.00000000000000000E+00
H2E     100028  -0.99000000000000000E+02  -0.99000000000000000E+02   0.00000000000000000E+00   0.00000000000000000E+00   0.10000000000000000E+01   0.00000000000000000E+00   0.00000000000000000E+00   0.00000000000000000E+00
H2E     100029  -0.99000000000000000E+02  -0.99000000000000000E+02   0.00000000000000000E+00   0.00000000000000000E+00   0.10000000000000000E+01   0.00000000000000000E+00   0.00000000000000000E+00   0.00000000000000000E+00
H2E     100030  -0.99000000000000000E+02  -0.99000000000000000E+02   0.00000000000000000E+00   0.00000000000000000E+00   0.10000000000000000E+01   0.00000000000000000E+00   0.00000000000000000E+00   0.00000000000000000E+00
H2E     100031  -0.99000000000000000E+02  -0.99000000000000000E+02   0.00000000000000000E+00   0.00000000000000000E+00   0.10000000000000000E+01   0.00000000000000000E+00   0.00000000000000000E+00   0.00000000000000000E+00
H2E     100032  -0.99000000000000000E+02  -0.99000000000000000E+02   0.00000000000000000E+00   0.00000000000000000E+00   0.10000000000000000E+01   0.00000000000000000E+00   0.00000000000000000E+00   0.00000000000000000E+00
H2E     100033  -0.99000000000000000E+02  -0.99000000000000000E+02   0.00000000000000000E+00   0.00000000000000000E+00   0.10000000000000000E+01   0.00000000000000000E+00   0.00000000000000000E+00   0.00000000000000000E+00
H2E     100034  -0.99000000000000000E+02  -0.99000000000000000E+02   0.00000000000000000E+00   0.00000000000000000E+00   0.10000000000000000E+01   0.00000000000000000E+00   0.00000000000000000E+00   0.00000000000000000E+00
H2E     100035  -0.99000000000000000E+02  -0.99000000000000000E+02   0.00000000000000000E+00   0.00000000000000000E+00   0.10000000000000000E+01   0.00000000000000000E+00   0.00000000000000000E+00   0.00000000000000000E+00
H2E     100036  -0.99000000000000000E+02  -0.99000000000000000E+02   0.00000000000000000E+00   0.00000000000000000E+00   0.10000000000000000E+01   0.00000000000000000E+00   0.00000000000000000E+00   0.00000000000000000E+00
H2E     100037  -0.99000000000000000E+02  -0.99000000000000000E+02   0.00000000000000000E+00   0.00000000000000000E+00   0.10000000000000000E+01   0.00000000000000000E+00   0.00000000000000000E+00   0.00000000000000000E+00
H2E     100038  -0.99000000000000000E+02  -0.99000000000000000E+02   0.00000000000000000E+00   0.00000000000000000E+00   0.10000000000000000E+01   0.00000000000000000E+00   0.00000000000000000E+00   0.00000000000000000E+00
H2E     100039  -0.99000000000000000E+02  -0.99000000000000000E+02   0.00000000000000000E+00   0.00000000000000000E+00   0.10000000000000000E+01   0.00000000000000000E+00   0.00000000000000000E+00   0.00000000000000000E+00
H2E     100040  -0.99000000000000000E+02  -0.99000000000000000E+02   0.00000000000000000E+00   0.00000000000000000E+00   0.10000000000000000E+01   0.00000000000000000E+00   0.00000000000000000E+00   0.00000000000000000E+00
H2E     100041  -0.99000000000000000E+02  -0.99000000000000000E+02   0.00000000000000000E+00   0.00000000000000000E+00   0.10000000000000000E+01   0.00000000000000000E+00   0.00000000000000000E+00   0.00000000000000000E+00
H2E     100042  -0.99000000000000000E+02  -0.99000000000000000E+02   0.00000000000000000E+00   0.00000000000000000E+00   0.10000000000000000E+01   0.00000000000000000E+00   0.00000000000000000E+00   0.00000000000000000E+00
H2E     100043  -0.99000000000000000E+02  -0.99000000000000000E+02   0.00000000000000000E+00   0.00000000000000000E+00   0.10000000000000000E+01   0.00000000000000000E+00   0.00000000000000000E+00   0.00000000000000000E+00
H2E     100044  -0.99000000000000000E+02  -0.99000000000000000E+02   0.00000000000000000E+00   0.00000000000000000E+00   0.10000000000000000E+01   0.00000000000000000E+00   0.00000000000000000E+00   0.00000000000000000E+00
H2E     100045  -0.99000000000000000E+02  -0.99000000000000000E+02   0.00000000000000000E+00   0.00000000000000000E+00   0.10000000000000000E+01   0.00000000000000000E+00   0.00000000000000000E+00   0.00000000000000000E+00
H2E     100046  -0.99000000000000000E+02  -0.99000000000000000E+02   0.00000000000000000E+00   0.00000000000000000E+00   0.10000000000000000E+01   0.00000000000000000E+00   0.00000000000000000E+00   0.00000000000000000E+00
H2E     100047  -0.99000000000000000E+02  -0.99000000000000000E+02   0.00000000000000000E+00   0.00000000000000000E+00   0.10000000000000000E+01   0.00000000000000000E+00   0.00000000000000000E+00   0.00000000000000000E+00
H2E     100048  -0.99000000000000000E+02  -0.99000000000000000E+02   0.00000000000000000E+00   0.00000000000000000E+00   0.10000000000000000E+01   0.00000000000000000E+00   0.00000000000000000E+00   0.00000000000000000E+00
H2E     100049  -0.99000000000000000E+02  -0.99000000000000000E+02   0.00000000000000000E+00   0.00000000000000000E+00   0.10000000000000000E+01   0.00000000000000000E+00   0.00000000000000000E+00   0.00000000000000000E+00
H2E     100050  -0.99000000000000000E+02  -0.99000000000000000E+02   0.00000000000000000E+00   0.00000000000000000E+00   0.10000000000000000E+01   0.00000000000000000E+00   0.00000000000000000E+00   0.00000000000000000E+00
H2E     100051  -0.99000000000000000E+02  -0.99000000000000000E+02   0.00000000000000000E+00   0.00000000000000000E+00   0.10000000000000000E+01   0.00000000000000000E+00   0.00000000000000000E+00   0.00000000000000000E+00
H2E     100052  -0.99000000000000000E+02  -0.99000000000000000E+02   0.00000000000000000E+00   0.00000000000000000E+00   0.10000000000000000E+01   0.00000000000000000E+00   0.00000000000000000E+00   0.00000000000000000E+00
H3E     300000  -0.99000000000000000E+02  -0.99000000000000000E+02  -0.84803403622130347E+01  -0.84817950000000000E+01   0.50890769999999995E-01   0.00000000000000000E+00   0.00000000000000000E+00   0.28583528741367190E-01
H3R     300000  -0.99000000000000000E+02  -0.99000000000000000E+02   0.16250769826276668E+01   0.15870000000000000E+01   0.95219999999999992E-02   0.00000000000000000E+00   0.00000000000000000E+00   0.39988429560666656E+01
He3E    300000  -0.99000000000000000E+02  -0.99000000000000000E+02  -0.77494781345714516E+01  -0.77180400000000002E+01   0.46308239999999994E-01   0.00000000000000000E+00   0.00000000000000000E+00  -0.67888856435596334E+00
He3R    300000  -0.99000000000000000E+02  -0.99000000000000000E+02   0.17988778774649978E+01   0.17700000000000000E+01   0.10620000000000001E-01   0.00000000000000000E+00   0.00000000000000000E+00   0.27191975014122232E+01
He4E    300000  -0.99000000000000000E+02  -0.99000000000000000E+02  -0.28394493823778305E+02  -0.28295660000000002E+02   0.16977396000000000E+00   0.00000000000000000E+00   0.00000000000000000E+00  -0.58214948734366156E+00
He4R    300000  -0.99000000000000000E+02  -0.99000000000000000E+02   0.14951526397565673E+01   0.14550000000000001E+01   0.87299999999999999E-02   0.00000000000000000E+00   0.00000000000000000E+00   0.45993859973158351E+01
a_pp    300002   0.00000000000000000E+00  -0.99000000000000000E+02  -0.78520348121289105E+01  -0.78196000000000003E+01   0.78196000000000006E-03   0.00000000000000000E+00   0.00000000000000000E+00  -0.41478863533825503E+02
r_pp    300002   0.00000000000000000E+00  -0.99000000000000000E+02   0.28402346823964688E+01   0.27900000000000000E+01   0.69750000000000003E-02   0.00000000000000000E+00   0.00000000000000000E+00   0.72021050030779605E+01
a_np    300002   0.00000000000000000E+00  -0.99000000000000000E+02  -0.23779170945377313E+02  -0.23739999999999998E+02   0.23739999999999998E-02   0.00000000000000000E+00   0.00000000000000000E+00  -0.16499976991286683E+02
r_np    300002   0.00000000000000000E+00  -0.99000000000000000E+02   0.27816620431377048E+01   0.27700000000000000E+01   0.27700000000000003E-02   0.00000000000000000E+00   0.00000000000000000E+00   0.42101238764277262E+01
a_nn    300002   0.00000000000000000E+00  -0.99000000000000000E+02  -0.18625261074332276E+02  -0.18949999999999999E+02   0.28424999999999995E+00   0.00000000000000000E+00   0.00000000000000000E+00   0.11424412512496880E+01
r_nn    300002   0.00000000000000000E+00  -0.99000000000000000E+02   0.29016625430779790E+01   0.27500000000000000E+01   0.13750000000000000E-01   0.00000000000000000E+00   0.00000000000000000E+00   0.11030003132943927E+02
