PP1S0        1   0.10000000000000000E+01  -0.99000000000000000E+02   0.32972329594794743E+02   0.32651000000000003E+02   0.30000000000000001E-02   0.00000000000000000E+00   0.00000000000000000E+00   0.10710986493158003E+03
PP1S0        1   0.50000000000000000E+01  -0.99000000000000000E+02   0.54492337971120598E+02   0.54841000000000001E+02   0.60000000000000001E-02   0.00000000000000000E+00   0.00000000000000000E+00  -0.58110338146567145E+02
PP1S0        1   0.10000000000000000E+02  -0.99000000000000000E+02   0.54435614845381785E+02   0.55256000000000000E+02   0.10000000000000000E-01   0.00000000000000000E+00   0.00000000000000000E+00  -0.82038515461821504E+02
PP1S0        1   0.25000000000000000E+02  -0.99000000000000000E+02   0.47138622943403291E+02   0.48789000000000001E+02   0.12999999999999999E-01   0.00000000000000000E+00   0.00000000000000000E+00  -0.12695208127667001E+03
PP1S0        1   0.50000000000000000E+02  -0.99000000000000000E+02   0.36667182335205510E+02   0.39185000000000002E+02   0.17000000000000001E-01   0.00000000000000000E+00   0.00000000000000000E+00  -0.14810692145849953E+03
PP1S0        1   0.10000000000000000E+03  -0.99000000000000000E+02   0.22198449041592426E+02   0.25443999999999999E+02   0.33000000000000002E-01   0.00000000000000000E+00   0.00000000000000000E+00  -0.98350029042653730E+02
PP1S0        1   0.15000000000000000E+03  -0.99000000000000000E+02   0.12830428394838421E+02   0.15254000000000000E+02   0.45999999999999999E-01   0.00000000000000000E+00   0.00000000000000000E+00  -0.52686339242643015E+02
PP1S0        1   0.20000000000000000E+03  -0.99000000000000000E+02   0.74076019361911882E+01   0.70410000000000004E+01   0.57000000000000002E-01   0.00000000000000000E+00   0.00000000000000000E+00   0.64316129156348749E+01
PP1S0        1   0.25000000000000000E+03  -0.99000000000000000E+02   0.54817414143126131E+01   0.31800000000000000E+00   0.73999999999999996E-01   0.00000000000000000E+00   0.00000000000000000E+00   0.69780289382602888E+02
PP1S0        1   0.30000000000000000E+03  -0.99000000000000000E+02   0.58705437511991141E+01  -0.50979999999999999E+01   0.10000000000000001E+00   0.00000000000000000E+00   0.00000000000000000E+00   0.10968543751199114E+03
PP1S0        1   0.35000000000000000E+03  -0.99000000000000000E+02   0.65779476197317850E+01  -0.93420000000000005E+01   0.13400000000000001E+00   0.00000000000000000E+00   0.00000000000000000E+00   0.11880557925172974E+03
PP1D2        2   0.10000000000000000E+01  -0.99000000000000000E+02   0.97690578988252844E-03   0.10000000000000000E-02   0.50000000000000001E-03   0.00000000000000000E+00   0.00000000000000000E+00  -0.46188420234943156E-01
PP1D2        2   0.50000000000000000E+01  -0.99000000000000000E+02   0.44857966685056011E-01   0.42000000000000003E-01   0.50000000000000001E-03   0.00000000000000000E+00   0.00000000000000000E+00   0.57159333701120163E+01
PP1D2        2   0.10000000000000000E+02  -0.99000000000000000E+02   0.17223096237667709E+00   0.16400000000000001E+00   0.50000000000000001E-03   0.00000000000000000E+00   0.00000000000000000E+00   0.16461924753354172E+02
PP1D2        2   0.25000000000000000E+02  -0.99000000000000000E+02   0.74659928393221864E+00   0.69399999999999995E+00   0.10000000000000000E-02   0.00000000000000000E+00   0.00000000000000000E+00   0.52599283932218690E+02
PP1D2        2   0.50000000000000000E+02  -0.99000000000000000E+02   0.19333673153741331E+01   0.17090000000000001E+01   0.40000000000000001E-02   0.00000000000000000E+00   0.00000000000000000E+00   0.56091828843533250E+02
PP1D2        2   0.10000000000000000E+03  -0.99000000000000000E+02   0.47026287228491084E+01   0.37810000000000001E+01   0.80000000000000002E-02   0.00000000000000000E+00   0.00000000000000000E+00   0.11520359035613853E+03
PP1D2        2   0.15000000000000000E+03  -0.99000000000000000E+02   0.72930230507421161E+01   0.56180000000000003E+01   0.14000000000000000E-01   0.00000000000000000E+00   0.00000000000000000E+00   0.11964450362443684E+03
PP1D2        2   0.20000000000000000E+03  -0.99000000000000000E+02   0.88813315462344917E+01   0.71920000000000002E+01   0.21000000000000001E-01   0.00000000000000000E+00   0.00000000000000000E+00   0.80444359344499588E+02
PP1D2        2   0.25000000000000000E+03  -0.99000000000000000E+02   0.90771885916486816E+01   0.85380000000000003E+01   0.24000000000000000E-01   0.00000000000000000E+00   0.00000000000000000E+00   0.22466191318695056E+02
PP1D2        2   0.30000000000000000E+03  -0.99000000000000000E+02   0.80152756062923380E+01   0.95770000000000000E+01   0.31000000000000000E-01   0.00000000000000000E+00   0.00000000000000000E+00  -0.50378206248634257E+02
PP1D2        2   0.35000000000000000E+03  -0.99000000000000000E+02   0.61733785325222916E+01   0.10183000000000000E+02   0.51999999999999998E-01   0.00000000000000000E+00   0.00000000000000000E+00  -0.77108105143802078E+02
PP1G4        3   0.10000000000000000E+01  -0.99000000000000000E+02   0.41990364925777960E-06   0.00000000000000000E+00   0.50000000000000001E-03   0.00000000000000000E+00   0.00000000000000000E+00   0.83980729851555920E-03
PP1G4        3   0.50000000000000000E+01  -0.99000000000000000E+02   0.33299005914369517E-03   0.00000000000000000E+00   0.50000000000000001E-03   0.00000000000000000E+00   0.00000000000000000E+00   0.66598011828739034E+00
PP1G4        3   0.10000000000000000E+02  -0.99000000000000000E+02   0.35048025775993937E-02   0.30000000000000001E-02   0.50000000000000001E-03   0.00000000000000000E+00   0.00000000000000000E+00   0.10096051551987872E+01
PP1G4        3   0.25000000000000000E+02  -0.99000000000000000E+02   0.40372163659945601E-01   0.40000000000000001E-01   0.50000000000000001E-03   0.00000000000000000E+00   0.00000000000000000E+00   0.74432731989119982E+00
PP1G4        3   0.50000000000000000E+02  -0.99000000000000000E+02   0.15498198092904367E+00   0.15200000000000000E+00   0.50000000000000001E-03   0.00000000000000000E+00   0.00000000000000000E+00   0.59639618580873410E+01
PP1G4        3   0.10000000000000000E+03  -0.99000000000000000E+02   0.42098886564744042E+00   0.41799999999999998E+00   0.20000000000000000E-02   0.00000000000000000E+00   0.00000000000000000E+00   0.14944328237202209E+01
PP1G4        3   0.15000000000000000E+03  -0.99000000000000000E+02   0.66593924664328974E+00   0.70299999999999996E+00   0.60000000000000001E-02   0.00000000000000000E+00   0.00000000000000000E+00  -0.61767922261183701E+01
PP1G4        3   0.20000000000000000E+03  -0.99000000000000000E+02   0.85104223670513046E+00   0.10060000000000000E+01   0.12000000000000000E-01   0.00000000000000000E+00   0.00000000000000000E+00  -0.12913146941239129E+02
PP1G4        3   0.25000000000000000E+03  -0.99000000000000000E+02   0.93416622492150192E+00   0.13069999999999999E+01   0.17000000000000001E-01   0.00000000000000000E+00   0.00000000000000000E+00  -0.21931398534029295E+02
PP1G4        3   0.30000000000000000E+03  -0.99000000000000000E+02   0.89029172348940666E+00   0.15860000000000001E+01   0.19000000000000000E-01   0.00000000000000000E+00   0.00000000000000000E+00  -0.36616225079504915E+02
PP1G4        3   0.35000000000000000E+03  -0.99000000000000000E+02   0.73383660061913858E+00   0.18420000000000001E+01   0.25999999999999999E-01   0.00000000000000000E+00   0.00000000000000000E+00  -0.42621669206956213E+02
PP3P0        4   0.10000000000000000E+01  -0.99000000000000000E+02   0.14597256949736812E+00   0.13300000000000001E+00   0.50000000000000001E-03   0.00000000000000000E+00   0.00000000000000000E+00   0.25945138994736215E+02
PP3P0        4   0.50000000000000000E+01  -0.99000000000000000E+02   0.17519196559685069E+01   0.15820000000000001E+01   0.30000000000000001E-02   0.00000000000000000E+00   0.00000000000000000E+00   0.56639885322835589E+02
PP3P0        4   0.10000000000000000E+02  -0.99000000000000000E+02   0.42139773020707958E+01   0.37370000000000001E+01   0.80000000000000002E-02   0.00000000000000000E+00   0.00000000000000000E+00   0.59622162758849463E+02
PP3P0        4   0.25000000000000000E+02  -0.99000000000000000E+02   0.10094206335797475E+02   0.86069999999999993E+01   0.20000000000000000E-01   0.00000000000000000E+00   0.00000000000000000E+00   0.74360316789873778E+02
PP3P0        4   0.50000000000000000E+02  -0.99000000000000000E+02   0.13840083646160757E+02   0.11523999999999999E+02   0.32000000000000001E-01   0.00000000000000000E+00   0.00000000000000000E+00   0.72377613942523681E+02
PP3P0        4   0.10000000000000000E+03  -0.99000000000000000E+02   0.10395579549677716E+02   0.94969999999999999E+01   0.56000000000000001E-01   0.00000000000000000E+00   0.00000000000000000E+00   0.16046063387102080E+02
PP3P0        4   0.15000000000000000E+03  -0.99000000000000000E+02   0.19028208647093896E+01   0.48159999999999998E+01   0.66000000000000003E-01   0.00000000000000000E+00   0.00000000000000000E+00  -0.44139077807433488E+02
PP3P0        4   0.20000000000000000E+03  -0.99000000000000000E+02  -0.81088911402091739E+01  -0.22700000000000001E+00   0.62000000000000000E-01   0.00000000000000000E+00   0.00000000000000000E+00  -0.12712727645498667E+03
PP3P0        4   0.25000000000000000E+03  -0.99000000000000000E+02  -0.18160089877645277E+02  -0.51210000000000004E+01   0.63000000000000000E-01   0.00000000000000000E+00   0.00000000000000000E+00  -0.20696968059754406E+03
PP3P0        4   0.30000000000000000E+03  -0.99000000000000000E+02  -0.26916395318028748E+02  -0.96630000000000003E+01   0.88999999999999996E-01   0.00000000000000000E+00   0.00000000000000000E+00  -0.19385837435987358E+03
PP3P0        4   0.35000000000000000E+03  -0.99000000000000000E+02  -0.32560759878170217E+02  -0.13677000000000000E+02   0.14099999999999999E+00   0.00000000000000000E+00   0.00000000000000000E+00  -0.13392737502248383E+03
PP3P1        5   0.10000000000000000E+01  -0.99000000000000000E+02  -0.77936467793673581E-01  -0.80000000000000002E-01   0.50000000000000001E-03   0.00000000000000000E+00   0.00000000000000000E+00   0.41270644126528424E+01
PP3P1        5   0.50000000000000000E+01  -0.99000000000000000E+02  -0.85413029439007337E+00  -0.89200000000000002E+00   0.10000000000000000E-02   0.00000000000000000E+00   0.00000000000000000E+00   0.37869705609926640E+02
PP3P1        5   0.10000000000000000E+02  -0.99000000000000000E+02  -0.19278793607487079E+01  -0.20369999999999999E+01   0.20000000000000000E-02   0.00000000000000000E+00   0.00000000000000000E+00   0.54560319625646002E+02
PP3P1        5   0.25000000000000000E+02  -0.99000000000000000E+02  -0.45222545215206358E+01  -0.48620000000000001E+01   0.60000000000000001E-02   0.00000000000000000E+00   0.00000000000000000E+00   0.56624246413227382E+02
PP3P1        5   0.50000000000000000E+02  -0.99000000000000000E+02  -0.76783015363409612E+01  -0.82080000000000002E+01   0.12000000000000000E-01   0.00000000000000000E+00   0.00000000000000000E+00   0.44141538638253245E+02
PP3P1        5   0.10000000000000000E+03  -0.99000000000000000E+02  -0.13683745341372640E+02  -0.13259000000000000E+02   0.19000000000000000E-01   0.00000000000000000E+00   0.00000000000000000E+00  -0.22355017966981059E+02
PP3P1        5   0.15000000000000000E+03  -0.99000000000000000E+02  -0.20962626063019151E+02  -0.17620000000000001E+02   0.25000000000000001E-01   0.00000000000000000E+00   0.00000000000000000E+00  -0.13370504252076600E+03
PP3P1        5   0.20000000000000000E+03  -0.99000000000000000E+02  -0.29414760801609006E+02  -0.21506000000000000E+02   0.35999999999999997E-01   0.00000000000000000E+00   0.00000000000000000E+00  -0.21968780004469463E+03
PP3P1        5   0.25000000000000000E+03  -0.99000000000000000E+02  -0.38312394077241962E+02  -0.24902999999999999E+02   0.50999999999999997E-01   0.00000000000000000E+00   0.00000000000000000E+00  -0.26292929563219536E+03
PP3P1        5   0.30000000000000000E+03  -0.99000000000000000E+02  -0.46496744231683451E+02  -0.27811000000000000E+02   0.64000000000000001E-01   0.00000000000000000E+00   0.00000000000000000E+00  -0.29196475362005390E+03
PP3P1        5   0.35000000000000000E+03  -0.99000000000000000E+02  -0.52045210173989339E+02  -0.30221000000000000E+02   0.75999999999999998E-01   0.00000000000000000E+00   0.00000000000000000E+00  -0.28716066018407025E+03
PP3F3        6   0.10000000000000000E+01  -0.99000000000000000E+02  -0.25787000280548224E-04   0.00000000000000000E+00   0.50000000000000001E-03   0.00000000000000000E+00   0.00000000000000000E+00  -0.51574000561096449E-01
PP3F3        6   0.50000000000000000E+01  -0.99000000000000000E+02  -0.50304317677183569E-02  -0.40000000000000001E-02   0.50000000000000001E-03   0.00000000000000000E+00   0.00000000000000000E+00  -0.20608635354367135E+01
PP3F3        6   0.10000000000000000E+02  -0.99000000000000000E+02  -0.32489042238684554E-01  -0.31000000000000000E-01   0.50000000000000001E-03   0.00000000000000000E+00   0.00000000000000000E+00  -0.29780844773691082E+01
PP3F3        6   0.25000000000000000E+02  -0.99000000000000000E+02  -0.22973884527541305E+00  -0.23000000000000001E+00   0.50000000000000001E-03   0.00000000000000000E+00   0.00000000000000000E+00   0.52230944917391886E+00
PP3F3        6   0.50000000000000000E+02  -0.99000000000000000E+02  -0.67405602981302615E+00  -0.68200000000000005E+00   0.20000000000000000E-02   0.00000000000000000E+00   0.00000000000000000E+00   0.39719850934869516E+01
PP3F3        6   0.10000000000000000E+03  -0.99000000000000000E+02  -0.13873981374046629E+01  -0.14730000000000001E+01   0.89999999999999993E-02   0.00000000000000000E+00   0.00000000000000000E+00   0.95113180661485774E+01
PP3F3        6   0.15000000000000000E+03  -0.99000000000000000E+02  -0.17047791594818067E+01  -0.20609999999999999E+01   0.19000000000000000E-01   0.00000000000000000E+00   0.00000000000000000E+00   0.18748465290431223E+02
PP3F3        6   0.20000000000000000E+03  -0.99000000000000000E+02  -0.16582519352845366E+01  -0.25049999999999999E+01   0.33000000000000002E-01   0.00000000000000000E+00   0.00000000000000000E+00   0.25659032264104948E+02
PP3F3        6   0.25000000000000000E+03  -0.99000000000000000E+02  -0.13492699193941875E+01  -0.27180000000000000E+01   0.45999999999999999E-01   0.00000000000000000E+00   0.00000000000000000E+00   0.29755001752300270E+02
PP3F3        6   0.30000000000000000E+03  -0.99000000000000000E+02  -0.92133243590302172E+00  -0.25470000000000002E+01   0.53999999999999999E-01   0.00000000000000000E+00   0.00000000000000000E+00   0.30104954890684787E+02
PP3F3        6   0.35000000000000000E+03  -0.99000000000000000E+02  -0.51765035293714456E+00  -0.19219999999999999E+01   0.68000000000000005E-01   0.00000000000000000E+00   0.00000000000000000E+00   0.20652200692100813E+02
PP3P2        7   0.10000000000000000E+01  -0.99000000000000000E+02   0.18292293404837005E-01   0.14000000000000000E-01   0.50000000000000001E-03   0.00000000000000000E+00   0.00000000000000000E+00   0.85845868096740094E+01
PP3P2        7   0.50000000000000000E+01  -0.99000000000000000E+02   0.28147389285945024E+00   0.21299999999999999E+00   0.10000000000000000E-02   0.00000000000000000E+00   0.00000000000000000E+00   0.68473892859450245E+02
PP3P2        7   0.10000000000000000E+02  -0.99000000000000000E+02   0.84719294278328383E+00   0.64800000000000002E+00   0.20000000000000000E-02   0.00000000000000000E+00   0.00000000000000000E+00   0.99596471391641899E+02
PP3P2        7   0.25000000000000000E+02  -0.99000000000000000E+02   0.32306971441408869E+01   0.24889999999999999E+01   0.50000000000000001E-02   0.00000000000000000E+00   0.00000000000000000E+00   0.14833942882817740E+03
PP3P2        7   0.50000000000000000E+02  -0.99000000000000000E+02   0.75541677714240354E+01   0.58540000000000001E+01   0.89999999999999993E-02   0.00000000000000000E+00   0.00000000000000000E+00   0.18890753015822617E+03
PP3P2        7   0.10000000000000000E+03  -0.99000000000000000E+02   0.13336568880641201E+02   0.10980000000000000E+02   0.17999999999999999E-01   0.00000000000000000E+00   0.00000000000000000E+00   0.13092049336895556E+03
PP3P2        7   0.15000000000000000E+03  -0.99000000000000000E+02   0.14715251319392657E+02   0.14007999999999999E+02   0.19000000000000000E-01   0.00000000000000000E+00   0.00000000000000000E+00   0.37223753652245129E+02
PP3P2        7   0.20000000000000000E+03  -0.99000000000000000E+02   0.13176925934806141E+02   0.15784000000000001E+02   0.25000000000000001E-01   0.00000000000000000E+00   0.00000000000000000E+00  -0.10428296260775440E+03
PP3P2        7   0.25000000000000000E+03  -0.99000000000000000E+02   0.10149041449385651E+02   0.16715000000000000E+02   0.32000000000000001E-01   0.00000000000000000E+00   0.00000000000000000E+00  -0.20518620470669839E+03
PP3P2        7   0.30000000000000000E+03  -0.99000000000000000E+02   0.67093830590776626E+01   0.16951000000000001E+02   0.33000000000000002E-01   0.00000000000000000E+00   0.00000000000000000E+00  -0.31035202851279809E+03
PP3P2        7   0.35000000000000000E+03  -0.99000000000000000E+02   0.36561436736929913E+01   0.16600000000000001E+02   0.29999999999999999E-01   0.00000000000000000E+00   0.00000000000000000E+00  -0.43146187754356703E+03
PPE2         8   0.10000000000000000E+01  -0.99000000000000000E+02  -0.11418280369347167E-02  -0.10000000000000000E-02   0.50000000000000001E-03   0.00000000000000000E+00   0.00000000000000000E+00  -0.28365607386943331E+00
PPE2         8   0.50000000000000000E+01  -0.99000000000000000E+02  -0.52864760890940457E-01  -0.51999999999999998E-01   0.50000000000000001E-03   0.00000000000000000E+00   0.00000000000000000E+00  -0.17295217818809188E+01
PPE2         8   0.10000000000000000E+02  -0.99000000000000000E+02  -0.20193067617450874E+00  -0.20100000000000001E+00   0.50000000000000001E-03   0.00000000000000000E+00   0.00000000000000000E+00  -0.18613523490174644E+01
PPE2         8   0.25000000000000000E+02  -0.99000000000000000E+02  -0.81218854248713868E+00  -0.81100000000000005E+00   0.10000000000000000E-02   0.00000000000000000E+00   0.00000000000000000E+00  -0.11885424871386219E+01
PPE2         8   0.50000000000000000E+02  -0.99000000000000000E+02  -0.16894760633486556E+01  -0.17080000000000000E+01   0.40000000000000001E-02   0.00000000000000000E+00   0.00000000000000000E+00   0.46309841628360822E+01
PPE2         8   0.10000000000000000E+03  -0.99000000000000000E+02  -0.25002228179955450E+01  -0.26429999999999998E+01   0.80000000000000002E-02   0.00000000000000000E+00   0.00000000000000000E+00   0.17847147750556847E+02
PPE2         8   0.15000000000000000E+03  -0.99000000000000000E+02  -0.25445002367231662E+01  -0.29129999999999998E+01   0.12000000000000000E-01   0.00000000000000000E+00   0.00000000000000000E+00   0.30708313606402804E+02
PPE2         8   0.20000000000000000E+03  -0.99000000000000000E+02  -0.22506023639724377E+01  -0.29009999999999998E+01   0.16000000000000000E-01   0.00000000000000000E+00   0.00000000000000000E+00   0.40649852251722628E+02
PPE2         8   0.25000000000000000E+03  -0.99000000000000000E+02  -0.18165665078070223E+01  -0.27029999999999998E+01   0.21999999999999999E-01   0.00000000000000000E+00   0.00000000000000000E+00   0.40292431463317165E+02
PPE2         8   0.30000000000000000E+03  -0.99000000000000000E+02  -0.13447804699807577E+01  -0.23119999999999998E+01   0.29999999999999999E-01   0.00000000000000000E+00   0.00000000000000000E+00   0.32240651000641407E+02
PPE2         8   0.35000000000000000E+03  -0.99000000000000000E+02  -0.90219080572279331E+00  -0.17300000000000000E+01   0.39000000000000000E-01   0.00000000000000000E+00   0.00000000000000000E+00   0.21225876776338634E+02
PP3F2        9   0.10000000000000000E+01  -0.99000000000000000E+02   0.95145977715951414E-05   0.00000000000000000E+00   0.50000000000000001E-03   0.00000000000000000E+00   0.00000000000000000E+00   0.19029195543190283E-01
PP3F2        9   0.50000000000000000E+01  -0.99000000000000000E+02   0.19958873095662702E-02   0.20000000000000000E-02   0.50000000000000001E-03   0.00000000000000000E+00   0.00000000000000000E+00  -0.82253808674596918E-02
PP3F2        9   0.10000000000000000E+02  -0.99000000000000000E+02   0.13690452225760147E-01   0.12999999999999999E-01   0.50000000000000001E-03   0.00000000000000000E+00   0.00000000000000000E+00   0.13809044515202955E+01
PP3F2        9   0.25000000000000000E+02  -0.99000000000000000E+02   0.10801421568294431E+00   0.10500000000000000E+00   0.50000000000000001E-03   0.00000000000000000E+00   0.00000000000000000E+00   0.60284313658886255E+01
PP3F2        9   0.50000000000000000E+02  -0.99000000000000000E+02   0.35828820722816979E+00   0.34100000000000003E+00   0.10000000000000000E-02   0.00000000000000000E+00   0.00000000000000000E+00   0.17288207228169760E+02
PP3F2        9   0.10000000000000000E+03  -0.99000000000000000E+02   0.94237960034349955E+00   0.83199999999999996E+00   0.80000000000000002E-02   0.00000000000000000E+00   0.00000000000000000E+00   0.13797450042937447E+02
PP3F2        9   0.15000000000000000E+03  -0.99000000000000000E+02   0.15240570990705609E+01   0.11919999999999999E+01   0.17000000000000001E-01   0.00000000000000000E+00   0.00000000000000000E+00   0.19532770533562406E+02
PP3F2        9   0.20000000000000000E+03  -0.99000000000000000E+02   0.19732662063048210E+01   0.13270000000000000E+01   0.21999999999999999E-01   0.00000000000000000E+00   0.00000000000000000E+00   0.29375736650219139E+02
PP3F2        9   0.25000000000000000E+03  -0.99000000000000000E+02   0.21591588320893691E+01   0.12230000000000001E+01   0.27000000000000000E-01   0.00000000000000000E+00   0.00000000000000000E+00   0.34672549336643300E+02
PP3F2        9   0.30000000000000000E+03  -0.99000000000000000E+02   0.20285400558603270E+01   0.92100000000000004E+00   0.39000000000000000E-01   0.00000000000000000E+00   0.00000000000000000E+00   0.28398462970777615E+02
PP3F2        9   0.35000000000000000E+03  -0.99000000000000000E+02   0.16397488038356161E+01   0.46100000000000002E+00   0.55000000000000000E-01   0.00000000000000000E+00   0.00000000000000000E+00   0.21431796433374835E+02
PP3F4       10   0.10000000000000000E+01  -0.99000000000000000E+02   0.20034806262167967E-06   0.00000000000000000E+00   0.50000000000000001E-03   0.00000000000000000E+00   0.00000000000000000E+00   0.40069612524335933E-03
PP3F4       10   0.50000000000000000E+01  -0.99000000000000000E+02   0.12260481139876324E-03   0.00000000000000000E+00   0.50000000000000001E-03   0.00000000000000000E+00   0.00000000000000000E+00   0.24520962279752648E+00
PP3F4       10   0.10000000000000000E+02  -0.99000000000000000E+02   0.13785248203361635E-02   0.10000000000000000E-02   0.50000000000000001E-03   0.00000000000000000E+00   0.00000000000000000E+00   0.75704964067232694E+00
PP3F4       10   0.25000000000000000E+02  -0.99000000000000000E+02   0.20646745608889881E-01   0.19000000000000000E-01   0.50000000000000001E-03   0.00000000000000000E+00   0.00000000000000000E+00   0.32934912177797622E+01
PP3F4       10   0.50000000000000000E+02  -0.99000000000000000E+02   0.11039311186004122E+00   0.10199999999999999E+00   0.10000000000000000E-02   0.00000000000000000E+00   0.00000000000000000E+00   0.83931118600412269E+01
PP3F4       10   0.10000000000000000E+03  -0.99000000000000000E+02   0.44742332596035567E+00   0.46100000000000002E+00   0.50000000000000001E-02   0.00000000000000000E+00   0.00000000000000000E+00  -0.27153348079288708E+01
PP3F4       10   0.15000000000000000E+03  -0.99000000000000000E+02   0.87556984487780654E+00   0.10129999999999999E+01   0.89999999999999993E-02   0.00000000000000000E+00   0.00000000000000000E+00  -0.15270017235799264E+02
PP3F4       10   0.20000000000000000E+03  -0.99000000000000000E+02   0.12535997117277495E+01   0.16339999999999999E+01   0.16000000000000000E-01   0.00000000000000000E+00   0.00000000000000000E+00  -0.23775018017015647E+02
PP3F4       10   0.25000000000000000E+03  -0.99000000000000000E+02   0.14591200090097471E+01   0.22000000000000002E+01   0.21999999999999999E-01   0.00000000000000000E+00   0.00000000000000000E+00  -0.33676363226829686E+02
PP3F4       10   0.30000000000000000E+03  -0.99000000000000000E+02   0.14301862059845254E+01   0.26440000000000001E+01   0.27000000000000000E-01   0.00000000000000000E+00   0.00000000000000000E+00  -0.44956066445017584E+02
PP3F4       10   0.35000000000000000E+03  -0.99000000000000000E+02   0.11924635075842498E+01   0.29700000000000002E+01   0.42000000000000003E-01   0.00000000000000000E+00   0.00000000000000000E+00  -0.42322297438470244E+02
PPE4        11   0.10000000000000000E+01  -0.99000000000000000E+02  -0.47146201657483755E-06   0.00000000000000000E+00   0.50000000000000001E-03   0.00000000000000000E+00   0.00000000000000000E+00  -0.94292403314967510E-03
PPE4        11   0.50000000000000000E+01  -0.99000000000000000E+02  -0.38086434512129603E-03   0.00000000000000000E+00   0.50000000000000001E-03   0.00000000000000000E+00   0.00000000000000000E+00  -0.76172869024259204E+00
PPE4        11   0.10000000000000000E+02  -0.99000000000000000E+02  -0.40867896938839307E-02  -0.40000000000000001E-02   0.50000000000000001E-03   0.00000000000000000E+00   0.00000000000000000E+00  -0.17357938776786130E+00
PPE4        11   0.25000000000000000E+02  -0.99000000000000000E+02  -0.49094323989416287E-01  -0.49000000000000002E-01   0.50000000000000001E-03   0.00000000000000000E+00   0.00000000000000000E+00  -0.18864797883257067E+00
PPE4        11   0.50000000000000000E+02  -0.99000000000000000E+02  -0.19490253797565318E+00  -0.19700000000000001E+00   0.50000000000000001E-03   0.00000000000000000E+00   0.00000000000000000E+00   0.41949240486936485E+01
PPE4        11   0.10000000000000000E+03  -0.99000000000000000E+02  -0.52207812016453381E+00  -0.55400000000000005E+00   0.10000000000000000E-02   0.00000000000000000E+00   0.00000000000000000E+00   0.31921879835466239E+02
PPE4        11   0.15000000000000000E+03  -0.99000000000000000E+02  -0.76384846180676735E+00  -0.87700000000000000E+00   0.30000000000000001E-02   0.00000000000000000E+00   0.00000000000000000E+00   0.37717179397744218E+02
PPE4        11   0.20000000000000000E+03  -0.99000000000000000E+02  -0.87357390153200010E+00  -0.11290000000000000E+01   0.50000000000000001E-02   0.00000000000000000E+00   0.00000000000000000E+00   0.51085219693599981E+02
PPE4        11   0.25000000000000000E+03  -0.99000000000000000E+02  -0.84619930808957844E+00  -0.13080000000000001E+01   0.60000000000000001E-02   0.00000000000000000E+00   0.00000000000000000E+00   0.76966781985070270E+02
PPE4        11   0.30000000000000000E+03  -0.99000000000000000E+02  -0.70986997939465135E+00  -0.14339999999999999E+01   0.70000000000000001E-02   0.00000000000000000E+00   0.00000000000000000E+00   0.10344714580076408E+03
PPE4        11   0.35000000000000000E+03  -0.99000000000000000E+02  -0.51717120660974292E+00  -0.15409999999999999E+01   0.10000000000000000E-01   0.00000000000000000E+00   0.00000000000000000E+00   0.10238287933902569E+03
PP3H4       12   0.10000000000000000E+01  -0.99000000000000000E+02   0.23377425577366846E-08   0.00000000000000000E+00   0.50000000000000001E-03   0.00000000000000000E+00   0.00000000000000000E+00   0.46754851154733693E-05
PP3H4       12   0.50000000000000000E+01  -0.99000000000000000E+02   0.86147131572529639E-05   0.00000000000000000E+00   0.50000000000000001E-03   0.00000000000000000E+00   0.00000000000000000E+00   0.17229426314505927E-01
PP3H4       12   0.10000000000000000E+02  -0.99000000000000000E+02   0.16872349527824489E-03   0.00000000000000000E+00   0.50000000000000001E-03   0.00000000000000000E+00   0.00000000000000000E+00   0.33744699055648980E+00
PP3H4       12   0.25000000000000000E+02  -0.99000000000000000E+02   0.41359892439019373E-02   0.40000000000000001E-02   0.50000000000000001E-03   0.00000000000000000E+00   0.00000000000000000E+00   0.27197848780387451E+00
PP3H4       12   0.50000000000000000E+02  -0.99000000000000000E+02   0.26365340558363707E-01   0.25999999999999999E-01   0.50000000000000001E-03   0.00000000000000000E+00   0.00000000000000000E+00   0.73068111672741631E+00
PP3H4       12   0.10000000000000000E+03  -0.99000000000000000E+02   0.10872194471439328E+00   0.11000000000000000E+00   0.50000000000000001E-03   0.00000000000000000E+00   0.00000000000000000E+00  -0.25561105712134378E+01
PP3H4       12   0.15000000000000000E+03  -0.99000000000000000E+02   0.20501665759623292E+00   0.22000000000000000E+00   0.20000000000000000E-02   0.00000000000000000E+00   0.00000000000000000E+00  -0.74916712018835430E+01
PP3H4       12   0.20000000000000000E+03  -0.99000000000000000E+02   0.28546900911962003E+00   0.34100000000000003E+00   0.60000000000000001E-02   0.00000000000000000E+00   0.00000000000000000E+00  -0.92551651467299987E+01
PP3H4       12   0.25000000000000000E+03  -0.99000000000000000E+02   0.32831861417846803E+00   0.46400000000000002E+00   0.12000000000000000E-01   0.00000000000000000E+00   0.00000000000000000E+00  -0.11306782151794334E+02
PP3H4       12   0.30000000000000000E+03  -0.99000000000000000E+02   0.32215669933893337E+00   0.57199999999999995E+00   0.19000000000000000E-01   0.00000000000000000E+00   0.00000000000000000E+00  -0.13149647403214031E+02
PP3H4       12   0.35000000000000000E+03  -0.99000000000000000E+02   0.27110259291585814E+00   0.65000000000000002E+00   0.25999999999999999E-01   0.00000000000000000E+00   0.00000000000000000E+00  -0.14572977195543919E+02
NP1S0       13   0.10000000000000000E+01  -0.99000000000000000E+02   0.61794069076565400E+02   0.62076999999999998E+02   0.17999999999999999E-01   0.00000000000000000E+00   0.00000000000000000E+00  -0.15718384635255472E+02
NP1S0       13   0.50000000000000000E+01  -0.99000000000000000E+02   0.62810767116433674E+02   0.63659999999999997E+02   0.43999999999999997E-01   0.00000000000000000E+00   0.00000000000000000E+00  -0.19300747353780068E+02
NP1S0       13   0.10000000000000000E+02  -0.99000000000000000E+02   0.58739484557034004E+02   0.60020000000000003E+02   0.63000000000000000E-01   0.00000000000000000E+00   0.00000000000000000E+00  -0.20325641951841259E+02
NP1S0       13   0.25000000000000000E+02  -0.99000000000000000E+02   0.48866818115994313E+02   0.51070999999999998E+02   0.99000000000000005E-01   0.00000000000000000E+00   0.00000000000000000E+00  -0.22264463474804895E+02
NP1S0       13   0.50000000000000000E+02  -0.99000000000000000E+02   0.37578559058134758E+02   0.40884999999999998E+02   0.14699999999999999E+00   0.00000000000000000E+00   0.00000000000000000E+00  -0.22492795522892791E+02
NP1S0       13   0.10000000000000000E+03  -0.99000000000000000E+02   0.22900574477093208E+02   0.27210000000000001E+02   0.23000000000000001E+00   0.00000000000000000E+00   0.00000000000000000E+00  -0.18736632708290401E+02
NP1S0       13   0.15000000000000000E+03  -0.99000000000000000E+02   0.13685322790068160E+02   0.17100000000000001E+02   0.26600000000000001E+00   0.00000000000000000E+00   0.00000000000000000E+00  -0.12837132368164818E+02
NP1S0       13   0.20000000000000000E+03  -0.99000000000000000E+02   0.84888778851928439E+01   0.88300000000000001E+01   0.26700000000000002E+00   0.00000000000000000E+00   0.00000000000000000E+00  -0.12776109168807346E+01
NP1S0       13   0.25000000000000000E+03  -0.99000000000000000E+02   0.66802353863579107E+01   0.19710000000000001E+01   0.28100000000000003E+00   0.00000000000000000E+00   0.00000000000000000E+00   0.16758844791309290E+02
NP1S0       13   0.30000000000000000E+03  -0.99000000000000000E+02   0.69209197244704237E+01  -0.36179999999999999E+01   0.34399999999999997E+00   0.00000000000000000E+00   0.00000000000000000E+00   0.30636394547879139E+02
NP1S0       13   0.35000000000000000E+03  -0.99000000000000000E+02   0.72608381766512204E+01  -0.80440000000000005E+01   0.45300000000000001E+00   0.00000000000000000E+00   0.00000000000000000E+00   0.33785514738744411E+02
NP1D2       14   0.10000000000000000E+01  -0.99000000000000000E+02   0.11510929977479264E-02   0.10000000000000000E-02   0.50000000000000001E-03   0.00000000000000000E+00   0.00000000000000000E+00   0.30218599549585279E+00
NP1D2       14   0.50000000000000000E+01  -0.99000000000000000E+02   0.42952957808166055E-01   0.41000000000000002E-01   0.50000000000000001E-03   0.00000000000000000E+00   0.00000000000000000E+00   0.39059156163321060E+01
NP1D2       14   0.10000000000000000E+02  -0.99000000000000000E+02   0.16376964276476674E+00   0.15500000000000000E+00   0.50000000000000001E-03   0.00000000000000000E+00   0.00000000000000000E+00   0.17539285529533487E+02
NP1D2       14   0.25000000000000000E+02  -0.99000000000000000E+02   0.73276401332571284E+00   0.67400000000000004E+00   0.10000000000000000E-02   0.00000000000000000E+00   0.00000000000000000E+00   0.58764013325712796E+02
NP1D2       14   0.50000000000000000E+02  -0.99000000000000000E+02   0.19520231198371785E+01   0.17020000000000000E+01   0.40000000000000001E-02   0.00000000000000000E+00   0.00000000000000000E+00   0.62505779959294628E+02
NP1D2       14   0.10000000000000000E+03  -0.99000000000000000E+02   0.48042185501717443E+01   0.37749999999999999E+01   0.80000000000000002E-02   0.00000000000000000E+00   0.00000000000000000E+00   0.12865231877146803E+03
NP1D2       14   0.15000000000000000E+03  -0.99000000000000000E+02   0.74286927845044497E+01   0.55709999999999997E+01   0.14000000000000000E-01   0.00000000000000000E+00   0.00000000000000000E+00   0.13269234175031787E+03
NP1D2       14   0.20000000000000000E+03  -0.99000000000000000E+02   0.89945286049125048E+01   0.71059999999999999E+01   0.21999999999999999E-01   0.00000000000000000E+00   0.00000000000000000E+00   0.85842209314204780E+02
NP1D2       14   0.25000000000000000E+03  -0.99000000000000000E+02   0.91363337684114914E+01   0.84239999999999995E+01   0.24000000000000000E-01   0.00000000000000000E+00   0.00000000000000000E+00   0.29680573683812160E+02
NP1D2       14   0.30000000000000000E+03  -0.99000000000000000E+02   0.80178877698026607E+01   0.94320000000000004E+01   0.32000000000000001E-01   0.00000000000000000E+00   0.00000000000000000E+00  -0.44191007193666863E+02
NP1D2       14   0.35000000000000000E+03  -0.99000000000000000E+02   0.61357710086464907E+01   0.99939999999999998E+01   0.53999999999999999E-01   0.00000000000000000E+00   0.00000000000000000E+00  -0.71448685025064989E+02
NP1G4       15   0.10000000000000000E+01  -0.99000000000000000E+02   0.35064675035613431E-06   0.00000000000000000E+00   0.50000000000000001E-03   0.00000000000000000E+00   0.00000000000000000E+00   0.70129350071226860E-03
NP1G4       15   0.50000000000000000E+01  -0.99000000000000000E+02   0.23918192735303371E-03   0.00000000000000000E+00   0.50000000000000001E-03   0.00000000000000000E+00   0.00000000000000000E+00   0.47836385470606740E+00
NP1G4       15   0.10000000000000000E+02  -0.99000000000000000E+02   0.26007507373785603E-02   0.20000000000000000E-02   0.50000000000000001E-03   0.00000000000000000E+00   0.00000000000000000E+00   0.12015014747571204E+01
NP1G4       15   0.25000000000000000E+02  -0.99000000000000000E+02   0.32842628578106763E-01   0.32000000000000001E-01   0.50000000000000001E-03   0.00000000000000000E+00   0.00000000000000000E+00   0.16852571562135237E+01
NP1G4       15   0.50000000000000000E+02  -0.99000000000000000E+02   0.13618212317617820E+00   0.13200000000000001E+00   0.10000000000000000E-02   0.00000000000000000E+00   0.00000000000000000E+00   0.41821231761781927E+01
NP1G4       15   0.10000000000000000E+03  -0.99000000000000000E+02   0.39602711320790690E+00   0.37000000000000000E+00   0.89999999999999993E-02   0.00000000000000000E+00   0.00000000000000000E+00   0.28919014675452117E+01
NP1G4       15   0.15000000000000000E+03  -0.99000000000000000E+02   0.64637387300213456E+00   0.60599999999999998E+00   0.29999999999999999E-01   0.00000000000000000E+00   0.00000000000000000E+00   0.13457957667378193E+01
NP1G4       15   0.20000000000000000E+03  -0.99000000000000000E+02   0.83923054710918865E+00   0.84899999999999998E+00   0.58999999999999997E-01   0.00000000000000000E+00   0.00000000000000000E+00  -0.16558394730188689E+00
NP1G4       15   0.25000000000000000E+03  -0.99000000000000000E+02   0.92821730376745271E+00   0.11190000000000000E+01   0.81000000000000003E-01   0.00000000000000000E+00   0.00000000000000000E+00  -0.23553419287968800E+01
NP1G4       15   0.30000000000000000E+03  -0.99000000000000000E+02   0.88702578770767038E+00   0.14379999999999999E+01   0.85000000000000006E-01   0.00000000000000000E+00   0.00000000000000000E+00  -0.64820495563803471E+01
NP1G4       15   0.35000000000000000E+03  -0.99000000000000000E+02   0.73086250172674827E+00   0.18290000000000000E+01   0.83000000000000004E-01   0.00000000000000000E+00   0.00000000000000000E+00  -0.13230572268352429E+02
NP3P0       16   0.10000000000000000E+01  -0.99000000000000000E+02   0.19550079439463602E+00   0.18099999999999999E+00   0.50000000000000001E-03   0.00000000000000000E+00   0.00000000000000000E+00   0.29001588789272059E+02
NP3P0       16   0.50000000000000000E+01  -0.99000000000000000E+02   0.18099830019859577E+01   0.16570000000000000E+01   0.30000000000000001E-02   0.00000000000000000E+00   0.00000000000000000E+00   0.50994333995319238E+02
NP3P0       16   0.10000000000000000E+02  -0.99000000000000000E+02   0.41566777720279182E+01   0.37540000000000000E+01   0.80000000000000002E-02   0.00000000000000000E+00   0.00000000000000000E+00   0.50334721503489774E+02
NP3P0       16   0.25000000000000000E+02  -0.99000000000000000E+02   0.96672623979491803E+01   0.84789999999999992E+01   0.21000000000000001E-01   0.00000000000000000E+00   0.00000000000000000E+00   0.56583923711865765E+02
NP3P0       16   0.50000000000000000E+02  -0.99000000000000000E+02   0.13074918715700786E+02   0.11300000000000001E+02   0.33000000000000002E-01   0.00000000000000000E+00   0.00000000000000000E+00   0.53785415627296523E+02
NP3P0       16   0.10000000000000000E+03  -0.99000000000000000E+02   0.94254393888035750E+01   0.91400000000000006E+01   0.57000000000000002E-01   0.00000000000000000E+00   0.00000000000000000E+00   0.50077085755013062E+01
NP3P0       16   0.15000000000000000E+03  -0.99000000000000000E+02   0.89669217374615451E+00   0.43360000000000003E+01   0.66000000000000003E-01   0.00000000000000000E+00   0.00000000000000000E+00  -0.52110724640209781E+02
NP3P0       16   0.20000000000000000E+03  -0.99000000000000000E+02  -0.90973425743971887E+01  -0.79600000000000004E+00   0.62000000000000000E-01   0.00000000000000000E+00   0.00000000000000000E+00  -0.13389262216769660E+03
NP3P0       16   0.25000000000000000E+03  -0.99000000000000000E+02  -0.19087813850350855E+02  -0.57489999999999997E+01   0.64000000000000001E-01   0.00000000000000000E+00   0.00000000000000000E+00  -0.20841896641173213E+03
NP3P0       16   0.30000000000000000E+03  -0.99000000000000000E+02  -0.27719658215046636E+02  -0.10324999999999999E+02   0.90999999999999998E-01   0.00000000000000000E+00   0.00000000000000000E+00  -0.19115009027523777E+03
NP3P0       16   0.35000000000000000E+03  -0.99000000000000000E+02  -0.33126748172380104E+02  -0.14349000000000000E+02   0.14499999999999999E+00   0.00000000000000000E+00   0.00000000000000000E+00  -0.12950171153365591E+03
NP3P1       17   0.10000000000000000E+01  -0.99000000000000000E+02  -0.10231929846363892E+00  -0.10700000000000000E+00   0.50000000000000001E-03   0.00000000000000000E+00   0.00000000000000000E+00   0.93614030727221511E+01
NP3P1       17   0.50000000000000000E+01  -0.99000000000000000E+02  -0.87564782019443665E+00  -0.93300000000000005E+00   0.10000000000000000E-02   0.00000000000000000E+00   0.00000000000000000E+00   0.57352179805563395E+02
NP3P1       17   0.10000000000000000E+02  -0.99000000000000000E+02  -0.19075605880675433E+01  -0.20569999999999999E+01   0.20000000000000000E-02   0.00000000000000000E+00   0.00000000000000000E+00   0.74719705966228346E+02
NP3P1       17   0.25000000000000000E+02  -0.99000000000000000E+02  -0.44316706527821665E+01  -0.48769999999999998E+01   0.60000000000000001E-02   0.00000000000000000E+00   0.00000000000000000E+00   0.74221557869638872E+02
NP3P1       17   0.50000000000000000E+02  -0.99000000000000000E+02  -0.75952893019997569E+01  -0.83179999999999996E+01   0.12999999999999999E-01   0.00000000000000000E+00   0.00000000000000000E+00   0.55593130615403282E+02
NP3P1       17   0.10000000000000000E+03  -0.99000000000000000E+02  -0.13739021380840891E+02  -0.13571000000000000E+02   0.19000000000000000E-01   0.00000000000000000E+00   0.00000000000000000E+00  -0.88432305705731995E+01
NP3P1       17   0.15000000000000000E+03  -0.99000000000000000E+02  -0.21162238750584965E+02  -0.18033999999999999E+02   0.25000000000000001E-01   0.00000000000000000E+00   0.00000000000000000E+00  -0.12512955002339865E+03
NP3P1       17   0.20000000000000000E+03  -0.99000000000000000E+02  -0.29717393192374882E+02  -0.21957999999999998E+02   0.36999999999999998E-01   0.00000000000000000E+00   0.00000000000000000E+00  -0.20971332952364551E+03
NP3P1       17   0.25000000000000000E+03  -0.99000000000000000E+02  -0.38658965609591249E+02  -0.25375000000000000E+02   0.50999999999999997E-01   0.00000000000000000E+00   0.00000000000000000E+00  -0.26046991391355391E+03
NP3P1       17   0.30000000000000000E+03  -0.99000000000000000E+02  -0.46802910768793836E+02  -0.28308000000000000E+02   0.65000000000000002E-01   0.00000000000000000E+00   0.00000000000000000E+00  -0.28453708875067440E+03
NP3P1       17   0.35000000000000000E+03  -0.99000000000000000E+02  -0.52168699416961765E+02  -0.30747000000000000E+02   0.75999999999999998E-01   0.00000000000000000E+00   0.00000000000000000E+00  -0.28186446601265482E+03
NP3F3       18   0.10000000000000000E+01  -0.99000000000000000E+02  -0.25468994050540623E-04   0.00000000000000000E+00   0.50000000000000001E-03   0.00000000000000000E+00   0.00000000000000000E+00  -0.50937988101081244E-01
NP3F3       18   0.50000000000000000E+01  -0.99000000000000000E+02  -0.41111160643974836E-02  -0.40000000000000001E-02   0.50000000000000001E-03   0.00000000000000000E+00   0.00000000000000000E+00  -0.22223212879496704E+00
NP3F3       18   0.10000000000000000E+02  -0.99000000000000000E+02  -0.26643262312089702E-01  -0.25999999999999999E-01   0.50000000000000001E-03   0.00000000000000000E+00   0.00000000000000000E+00  -0.12865246241794068E+01
NP3F3       18   0.25000000000000000E+02  -0.99000000000000000E+02  -0.19694265314155573E+00  -0.19800000000000001E+00   0.50000000000000001E-03   0.00000000000000000E+00   0.00000000000000000E+00   0.21146937168885493E+01
NP3F3       18   0.50000000000000000E+02  -0.99000000000000000E+02  -0.60054553931090227E+00  -0.61099999999999999E+00   0.20000000000000000E-02   0.00000000000000000E+00   0.00000000000000000E+00   0.52272303445488610E+01
NP3F3       18   0.10000000000000000E+03  -0.99000000000000000E+02  -0.12706150386796735E+01  -0.13810000000000000E+01   0.89999999999999993E-02   0.00000000000000000E+00   0.00000000000000000E+00   0.12264995702258499E+02
NP3F3       18   0.15000000000000000E+03  -0.99000000000000000E+02  -0.15721409874274206E+01  -0.20040000000000000E+01   0.20000000000000000E-01   0.00000000000000000E+00   0.00000000000000000E+00   0.21592950628628969E+02
NP3F3       18   0.20000000000000000E+03  -0.99000000000000000E+02  -0.15264498664332811E+01  -0.25089999999999999E+01   0.33000000000000002E-01   0.00000000000000000E+00   0.00000000000000000E+00   0.29774246471718751E+02
NP3F3       18   0.25000000000000000E+03  -0.99000000000000000E+02  -0.12319114573467214E+01  -0.27810000000000001E+01   0.45999999999999999E-01   0.00000000000000000E+00   0.00000000000000000E+00   0.33675837883766931E+02
NP3F3       18   0.30000000000000000E+03  -0.99000000000000000E+02  -0.82857994798079371E+00  -0.26490000000000000E+01   0.53999999999999999E-01   0.00000000000000000E+00   0.00000000000000000E+00   0.33711482444800119E+02
NP3F3       18   0.35000000000000000E+03  -0.99000000000000000E+02  -0.45367009792588425E+00  -0.20400000000000000E+01   0.69000000000000006E-01   0.00000000000000000E+00   0.00000000000000000E+00   0.22990288435856748E+02
NP3P2       19   0.10000000000000000E+01  -0.99000000000000000E+02   0.29370740252008531E-01   0.21999999999999999E-01   0.50000000000000001E-03   0.00000000000000000E+00   0.00000000000000000E+00   0.14741480504017066E+02
NP3P2       19   0.50000000000000000E+01  -0.99000000000000000E+02   0.33402905383952386E+00   0.25800000000000001E+00   0.10000000000000000E-02   0.00000000000000000E+00   0.00000000000000000E+00   0.76029053839523854E+02
NP3P2       19   0.10000000000000000E+02  -0.99000000000000000E+02   0.93612558873250706E+00   0.72699999999999998E+00   0.20000000000000000E-02   0.00000000000000000E+00   0.00000000000000000E+00   0.10456279436625354E+03
NP3P2       19   0.25000000000000000E+02  -0.99000000000000000E+02   0.33714176271694476E+01   0.26269999999999998E+01   0.50000000000000001E-02   0.00000000000000000E+00   0.00000000000000000E+00   0.14888352543388956E+03
NP3P2       19   0.50000000000000000E+02  -0.99000000000000000E+02   0.76911298602975906E+01   0.60110000000000001E+01   0.89999999999999993E-02   0.00000000000000000E+00   0.00000000000000000E+00   0.18668109558862119E+03
NP3P2       19   0.10000000000000000E+03  -0.99000000000000000E+02   0.13346802060896946E+02   0.11061999999999999E+02   0.17999999999999999E-01   0.00000000000000000E+00   0.00000000000000000E+00   0.12693344782760818E+03
NP3P2       19   0.15000000000000000E+03  -0.99000000000000000E+02   0.14594759246116343E+02   0.14004000000000000E+02   0.20000000000000000E-01   0.00000000000000000E+00   0.00000000000000000E+00   0.29537962305817178E+02
NP3P2       19   0.20000000000000000E+03  -0.99000000000000000E+02   0.12972779840484160E+02   0.15696999999999999E+02   0.25999999999999999E-01   0.00000000000000000E+00   0.00000000000000000E+00  -0.10477769844291691E+03
NP3P2       19   0.25000000000000000E+03  -0.99000000000000000E+02   0.99109908690243333E+01   0.16542000000000002E+02   0.32000000000000001E-01   0.00000000000000000E+00   0.00000000000000000E+00  -0.20721903534298963E+03
NP3P2       19   0.30000000000000000E+03  -0.99000000000000000E+02   0.64811365704282222E+01   0.16696999999999999E+02   0.33000000000000002E-01   0.00000000000000000E+00   0.00000000000000000E+00  -0.30957161907793261E+03
NP3P2       19   0.35000000000000000E+03  -0.99000000000000000E+02   0.34715731960836629E+01   0.16280000000000001E+02   0.29999999999999999E-01   0.00000000000000000E+00   0.00000000000000000E+00  -0.42694756013054462E+03
NPE2        20   0.10000000000000000E+01  -0.99000000000000000E+02  -0.13130316238465899E-02  -0.10000000000000000E-02   0.50000000000000001E-03   0.00000000000000000E+00   0.00000000000000000E+00  -0.62606324769317978E+00
NPE2        20   0.50000000000000000E+01  -0.99000000000000000E+02  -0.48929212933808003E-01  -0.48000000000000001E-01   0.50000000000000001E-03   0.00000000000000000E+00   0.00000000000000000E+00  -0.18584258676160037E+01
NPE2        20   0.10000000000000000E+02  -0.99000000000000000E+02  -0.18407003248412959E+00  -0.18400000000000000E+00   0.50000000000000001E-03   0.00000000000000000E+00   0.00000000000000000E+00  -0.14006496825919035E+00
NPE2        20   0.25000000000000000E+02  -0.99000000000000000E+02  -0.75315001188272046E+00  -0.76300000000000001E+00   0.10000000000000000E-02   0.00000000000000000E+00   0.00000000000000000E+00   0.98499881172795511E+01
NPE2        20   0.50000000000000000E+02  -0.99000000000000000E+02  -0.16001118148577012E+01  -0.16610000000000000E+01   0.40000000000000001E-02   0.00000000000000000E+00   0.00000000000000000E+00   0.15222046285574720E+02
NPE2        20   0.10000000000000000E+03  -0.99000000000000000E+02  -0.24096395666233716E+01  -0.26650000000000000E+01   0.80000000000000002E-02   0.00000000000000000E+00   0.00000000000000000E+00   0.31920054172078547E+02
NPE2        20   0.15000000000000000E+03  -0.99000000000000000E+02  -0.24697684440137091E+01  -0.29820000000000002E+01   0.12000000000000000E-01   0.00000000000000000E+00   0.00000000000000000E+00   0.42685962998857590E+02
NPE2        20   0.20000000000000000E+03  -0.99000000000000000E+02  -0.21905544408235387E+01  -0.29710000000000001E+01   0.17000000000000001E-01   0.00000000000000000E+00   0.00000000000000000E+00   0.45908562304497728E+02
NPE2        20   0.25000000000000000E+03  -0.99000000000000000E+02  -0.17676647827075704E+01  -0.27480000000000002E+01   0.21999999999999999E-01   0.00000000000000000E+00   0.00000000000000000E+00   0.44560691695110449E+02
NPE2        20   0.30000000000000000E+03  -0.99000000000000000E+02  -0.13046486804223631E+01  -0.23279999999999998E+01   0.29999999999999999E-01   0.00000000000000000E+00   0.00000000000000000E+00   0.34111710652587888E+02
NPE2        20   0.35000000000000000E+03  -0.99000000000000000E+02  -0.86998803965989946E+00  -0.17270000000000001E+01   0.40000000000000001E-01   0.00000000000000000E+00   0.00000000000000000E+00   0.21425299008502517E+02
NP3F2       21   0.10000000000000000E+01  -0.99000000000000000E+02   0.94773053908819902E-05   0.00000000000000000E+00   0.50000000000000001E-03   0.00000000000000000E+00   0.00000000000000000E+00   0.18954610781763980E-01
NP3F2       21   0.50000000000000000E+01  -0.99000000000000000E+02   0.16372571485589566E-02   0.20000000000000000E-02   0.50000000000000001E-03   0.00000000000000000E+00   0.00000000000000000E+00  -0.72548570288208680E+00
NP3F2       21   0.10000000000000000E+02  -0.99000000000000000E+02   0.11254917291030234E-01   0.10999999999999999E-01   0.50000000000000001E-03   0.00000000000000000E+00   0.00000000000000000E+00   0.50983458206046994E+00
NP3F2       21   0.25000000000000000E+02  -0.99000000000000000E+02   0.93064296768971239E-01   0.90999999999999998E-01   0.50000000000000001E-03   0.00000000000000000E+00   0.00000000000000000E+00   0.41285935379424821E+01
NP3F2       21   0.50000000000000000E+02  -0.99000000000000000E+02   0.32325765546136409E+00   0.30800000000000000E+00   0.20000000000000000E-02   0.00000000000000000E+00   0.00000000000000000E+00   0.76288277306820476E+01
NP3F2       21   0.10000000000000000E+03  -0.99000000000000000E+02   0.88639246050061382E+00   0.77500000000000002E+00   0.89999999999999993E-02   0.00000000000000000E+00   0.00000000000000000E+00   0.12376940055623756E+02
NP3F2       21   0.15000000000000000E+03  -0.99000000000000000E+02   0.14597038010392440E+01   0.11100000000000001E+01   0.17000000000000001E-01   0.00000000000000000E+00   0.00000000000000000E+00   0.20570811825837875E+02
NP3F2       21   0.20000000000000000E+03  -0.99000000000000000E+02   0.19060858986745364E+01   0.12120000000000000E+01   0.21999999999999999E-01   0.00000000000000000E+00   0.00000000000000000E+00   0.31549359030660746E+02
NP3F2       21   0.25000000000000000E+03  -0.99000000000000000E+02   0.20932373722548570E+01   0.10740000000000001E+01   0.28000000000000001E-01   0.00000000000000000E+00   0.00000000000000000E+00   0.36401334723387748E+02
NP3F2       21   0.30000000000000000E+03  -0.99000000000000000E+02   0.19679286905515063E+01   0.74399999999999999E+00   0.40000000000000001E-01   0.00000000000000000E+00   0.00000000000000000E+00   0.30598217263787657E+02
NP3F2       21   0.35000000000000000E+03  -0.99000000000000000E+02   0.15884315068064176E+01   0.26000000000000001E+00   0.56000000000000001E-01   0.00000000000000000E+00   0.00000000000000000E+00   0.23721991192971743E+02
NP3F4       22   0.10000000000000000E+01  -0.99000000000000000E+02   0.22635189293586626E-06   0.00000000000000000E+00   0.50000000000000001E-03   0.00000000000000000E+00   0.00000000000000000E+00   0.45270378587173254E-03
NP3F4       22   0.50000000000000000E+01  -0.99000000000000000E+02   0.10028488448920833E-03   0.00000000000000000E+00   0.50000000000000001E-03   0.00000000000000000E+00   0.00000000000000000E+00   0.20056976897841666E+00
NP3F4       22   0.10000000000000000E+02  -0.99000000000000000E+02   0.11192241696056119E-02   0.10000000000000000E-02   0.50000000000000001E-03   0.00000000000000000E+00   0.00000000000000000E+00   0.23844833921122383E+00
NP3F4       22   0.25000000000000000E+02  -0.99000000000000000E+02   0.17658131953517720E-01   0.16000000000000000E-01   0.50000000000000001E-03   0.00000000000000000E+00   0.00000000000000000E+00   0.33162639070354394E+01
NP3F4       22   0.50000000000000000E+02  -0.99000000000000000E+02   0.99591842902134312E-01   0.91999999999999998E-01   0.10000000000000000E-02   0.00000000000000000E+00   0.00000000000000000E+00   0.75918429021343128E+01
NP3F4       22   0.10000000000000000E+03  -0.99000000000000000E+02   0.42268807704391792E+00   0.43700000000000000E+00   0.50000000000000001E-02   0.00000000000000000E+00   0.00000000000000000E+00  -0.28623845912164159E+01
NP3F4       22   0.15000000000000000E+03  -0.99000000000000000E+02   0.84306058801996830E+00   0.97099999999999997E+00   0.10000000000000000E-01   0.00000000000000000E+00   0.00000000000000000E+00  -0.12793941198003166E+02
NP3F4       22   0.20000000000000000E+03  -0.99000000000000000E+02   0.12177913526660749E+01   0.15629999999999999E+01   0.16000000000000000E-01   0.00000000000000000E+00   0.00000000000000000E+00  -0.21575540458370316E+02
NP3F4       22   0.25000000000000000E+03  -0.99000000000000000E+02   0.14227581761853028E+01   0.20960000000000001E+01   0.21999999999999999E-01   0.00000000000000000E+00   0.00000000000000000E+00  -0.30601901082486243E+02
NP3F4       22   0.30000000000000000E+03  -0.99000000000000000E+02   0.13953895635197848E+01   0.25129999999999999E+01   0.27000000000000000E-01   0.00000000000000000E+00   0.00000000000000000E+00  -0.41392979128896854E+02
NP3F4       22   0.35000000000000000E+03  -0.99000000000000000E+02   0.11615600286317369E+01   0.28220000000000001E+01   0.42999999999999997E-01   0.00000000000000000E+00   0.00000000000000000E+00  -0.38614883055075893E+02
NPE4        23   0.10000000000000000E+01  -0.99000000000000000E+02  -0.39305211726347351E-06   0.00000000000000000E+00   0.50000000000000001E-03   0.00000000000000000E+00   0.00000000000000000E+00  -0.78610423452694705E-03
NPE4        23   0.50000000000000000E+01  -0.99000000000000000E+02  -0.27231688949590173E-03   0.00000000000000000E+00   0.50000000000000001E-03   0.00000000000000000E+00   0.00000000000000000E+00  -0.54463377899180343E+00
NPE4        23   0.10000000000000000E+02  -0.99000000000000000E+02  -0.30098002601956241E-02  -0.30000000000000001E-02   0.50000000000000001E-03   0.00000000000000000E+00   0.00000000000000000E+00  -0.19600520391248148E-01
NPE4        23   0.25000000000000000E+02  -0.99000000000000000E+02  -0.39322081057799309E-01  -0.39000000000000000E-01   0.50000000000000001E-03   0.00000000000000000E+00   0.00000000000000000E+00  -0.64416211559861769E+00
NPE4        23   0.50000000000000000E+02  -0.99000000000000000E+02  -0.16698975862123400E+00  -0.17000000000000001E+00   0.50000000000000001E-03   0.00000000000000000E+00   0.00000000000000000E+00   0.60204827575320303E+01
NPE4        23   0.10000000000000000E+03  -0.99000000000000000E+02  -0.47266823528800039E+00  -0.50600000000000001E+00   0.10000000000000000E-02   0.00000000000000000E+00   0.00000000000000000E+00   0.33331764711999611E+02
NPE4        23   0.15000000000000000E+03  -0.99000000000000000E+02  -0.70852491948297680E+00  -0.82899999999999996E+00   0.30000000000000001E-02   0.00000000000000000E+00   0.00000000000000000E+00   0.40158360172341055E+02
NPE4        23   0.20000000000000000E+03  -0.99000000000000000E+02  -0.82092790829016726E+00  -0.10950000000000000E+01   0.50000000000000001E-02   0.00000000000000000E+00   0.00000000000000000E+00   0.54814418341966544E+02
NPE4        23   0.25000000000000000E+03  -0.99000000000000000E+02  -0.80100634998947706E+00  -0.12949999999999999E+01   0.60000000000000001E-02   0.00000000000000000E+00   0.00000000000000000E+00   0.82332275001753814E+02
NPE4        23   0.30000000000000000E+03  -0.99000000000000000E+02  -0.67440004051839686E+00  -0.14440000000000000E+01   0.70000000000000001E-02   0.00000000000000000E+00   0.00000000000000000E+00   0.10994285135451473E+03
NPE4        23   0.35000000000000000E+03  -0.99000000000000000E+02  -0.49177102618561064E+00  -0.15710000000000000E+01   0.10000000000000000E-01   0.00000000000000000E+00   0.00000000000000000E+00   0.10792289738143891E+03
NP3H4       24   0.10000000000000000E+01  -0.99000000000000000E+02   0.16124409692026106E-08   0.00000000000000000E+00   0.50000000000000001E-03   0.00000000000000000E+00   0.00000000000000000E+00   0.32248819384052211E-05
NP3H4       24   0.50000000000000000E+01  -0.99000000000000000E+02   0.52399100327640021E-05   0.00000000000000000E+00   0.50000000000000001E-03   0.00000000000000000E+00   0.00000000000000000E+00   0.10479820065528004E-01
NP3H4       24   0.10000000000000000E+02  -0.99000000000000000E+02   0.10772457174880150E-03   0.00000000000000000E+00   0.50000000000000001E-03   0.00000000000000000E+00   0.00000000000000000E+00   0.21544914349760300E+00
NP3H4       24   0.25000000000000000E+02  -0.99000000000000000E+02   0.29678529679584916E-02   0.30000000000000001E-02   0.50000000000000001E-03   0.00000000000000000E+00   0.00000000000000000E+00  -0.64294064083016994E-01
NP3H4       24   0.50000000000000000E+02  -0.99000000000000000E+02   0.20752858407283022E-01   0.21000000000000001E-01   0.50000000000000001E-03   0.00000000000000000E+00   0.00000000000000000E+00  -0.49428318543395799E+00
NP3H4       24   0.10000000000000000E+03  -0.99000000000000000E+02   0.92619665398665507E-01   0.92999999999999999E-01   0.50000000000000001E-03   0.00000000000000000E+00   0.00000000000000000E+00  -0.76066920266898430E+00
NP3H4       24   0.15000000000000000E+03  -0.99000000000000000E+02   0.18145362974268969E+00   0.19400000000000001E+00   0.20000000000000000E-02   0.00000000000000000E+00   0.00000000000000000E+00  -0.62731851286551565E+01
NP3H4       24   0.20000000000000000E+03  -0.99000000000000000E+02   0.25848865276525917E+00   0.30900000000000000E+00   0.60000000000000001E-02   0.00000000000000000E+00   0.00000000000000000E+00  -0.84185578724568035E+01
NP3H4       24   0.25000000000000000E+03  -0.99000000000000000E+02   0.30166915842302289E+00   0.42299999999999999E+00   0.12000000000000000E-01   0.00000000000000000E+00   0.00000000000000000E+00  -0.10110903464748091E+02
NP3H4       24   0.30000000000000000E+03  -0.99000000000000000E+02   0.29882356843127966E+00   0.51800000000000002E+00   0.19000000000000000E-01   0.00000000000000000E+00   0.00000000000000000E+00  -0.11535601661511597E+02
NP3H4       24   0.35000000000000000E+03  -0.99000000000000000E+02   0.25292973291887982E+00   0.57799999999999996E+00   0.25999999999999999E-01   0.00000000000000000E+00   0.00000000000000000E+00  -0.12502702580043083E+02
NP1P1       25   0.10000000000000000E+01  -0.99000000000000000E+02  -0.18608397113656422E+00  -0.18600000000000000E+00   0.50000000000000001E-03   0.00000000000000000E+00   0.00000000000000000E+00  -0.16794227312844079E+00
NP1P1       25   0.50000000000000000E+01  -0.99000000000000000E+02  -0.14638135910441075E+01  -0.14940000000000000E+01   0.40000000000000001E-02   0.00000000000000000E+00   0.00000000000000000E+00   0.75466022389731320E+01
NP1P1       25   0.10000000000000000E+02  -0.99000000000000000E+02  -0.29567855071476319E+01  -0.30619999999999998E+01   0.10000000000000000E-01   0.00000000000000000E+00   0.00000000000000000E+00   0.10521449285236795E+02
NP1P1       25   0.25000000000000000E+02  -0.99000000000000000E+02  -0.58524367792398451E+01  -0.63570000000000002E+01   0.33000000000000002E-01   0.00000000000000000E+00   0.00000000000000000E+00   0.15289794568489549E+02
NP1P1       25   0.50000000000000000E+02  -0.99000000000000000E+02  -0.80687761659255788E+01  -0.96630000000000003E+01   0.69000000000000006E-01   0.00000000000000000E+00   0.00000000000000000E+00   0.23104693247455383E+02
NP1P1       25   0.10000000000000000E+03  -0.99000000000000000E+02  -0.96988603026641123E+01  -0.14207000000000001E+02   0.10600000000000000E+00   0.00000000000000000E+00   0.00000000000000000E+00   0.42529619786187631E+02
NP1P1       25   0.15000000000000000E+03  -0.99000000000000000E+02  -0.10529536468724180E+02  -0.17977000000000000E+02   0.11899999999999999E+00   0.00000000000000000E+00   0.00000000000000000E+00   0.62583727153578330E+02
NP1P1       25   0.20000000000000000E+03  -0.99000000000000000E+02  -0.11126455597752976E+02  -0.21234999999999999E+02   0.14399999999999999E+00   0.00000000000000000E+00   0.00000000000000000E+00   0.70198225015604336E+02
NP1P1       25   0.25000000000000000E+03  -0.99000000000000000E+02  -0.11250790556817156E+02  -0.24030000000000001E+02   0.18500000000000000E+00   0.00000000000000000E+00   0.00000000000000000E+00   0.69076807800988348E+02
NP1P1       25   0.30000000000000000E+03  -0.99000000000000000E+02  -0.10505268657457416E+02  -0.26417999999999999E+02   0.22600000000000001E+00   0.00000000000000000E+00   0.00000000000000000E+00   0.70410315674967180E+02
NP1P1       25   0.35000000000000000E+03  -0.99000000000000000E+02  -0.87109893668388487E+01  -0.28417999999999999E+02   0.26100000000000001E+00   0.00000000000000000E+00   0.00000000000000000E+00   0.75505787866517821E+02
NP1F3       26   0.10000000000000000E+01  -0.99000000000000000E+02  -0.76863468473757697E-04   0.00000000000000000E+00   0.50000000000000001E-03   0.00000000000000000E+00   0.00000000000000000E+00  -0.15372693694751538E+00
NP1F3       26   0.50000000000000000E+01  -0.99000000000000000E+02  -0.11202485755780327E-01  -0.10000000000000000E-01   0.50000000000000001E-03   0.00000000000000000E+00   0.00000000000000000E+00  -0.24049715115606536E+01
NP1F3       26   0.10000000000000000E+02  -0.99000000000000000E+02  -0.66567703216103252E-01  -0.64000000000000001E-01   0.50000000000000001E-03   0.00000000000000000E+00   0.00000000000000000E+00  -0.51354064322065014E+01
NP1F3       26   0.25000000000000000E+02  -0.99000000000000000E+02  -0.42202575803062103E+00  -0.42099999999999999E+00   0.50000000000000001E-03   0.00000000000000000E+00   0.00000000000000000E+00  -0.20515160612420980E+01
NP1F3       26   0.50000000000000000E+02  -0.99000000000000000E+02  -0.11318950165422101E+01  -0.11419999999999999E+01   0.30000000000000001E-02   0.00000000000000000E+00   0.00000000000000000E+00   0.33683278192632540E+01
NP1F3       26   0.10000000000000000E+03  -0.99000000000000000E+02  -0.21636942128416656E+01  -0.23039999999999998E+01   0.21999999999999999E-01   0.00000000000000000E+00   0.00000000000000000E+00   0.63775357799242816E+01
NP1F3       26   0.15000000000000000E+03  -0.99000000000000000E+02  -0.26419519541614447E+01  -0.31779999999999999E+01   0.55000000000000000E-01   0.00000000000000000E+00   0.00000000000000000E+00   0.97463281061555502E+01
NP1F3       26   0.20000000000000000E+03  -0.99000000000000000E+02  -0.26698781020396707E+01  -0.39529999999999998E+01   0.85999999999999993E-01   0.00000000000000000E+00   0.00000000000000000E+00   0.14920022069306155E+02
NP1F3       26   0.25000000000000000E+03  -0.99000000000000000E+02  -0.23478670702804507E+01  -0.46719999999999997E+01   0.10199999999999999E+00   0.00000000000000000E+00   0.00000000000000000E+00   0.22785616958034794E+02
NP1F3       26   0.30000000000000000E+03  -0.99000000000000000E+02  -0.18089273327184443E+01  -0.52830000000000004E+01   0.10400000000000000E+00   0.00000000000000000E+00   0.00000000000000000E+00   0.33404544877707266E+02
NP1F3       26   0.35000000000000000E+03  -0.99000000000000000E+02  -0.12131756723508897E+01  -0.57039999999999997E+01   0.12500000000000000E+00   0.00000000000000000E+00   0.00000000000000000E+00   0.35926594621192876E+02
NP3D2       27   0.10000000000000000E+01  -0.99000000000000000E+02   0.60348757425523515E-02   0.60000000000000001E-02   0.50000000000000001E-03   0.00000000000000000E+00   0.00000000000000000E+00   0.69751485104702776E-01
NP3D2       27   0.50000000000000000E+01  -0.99000000000000000E+02   0.22410571773825735E+00   0.21900000000000000E+00   0.50000000000000001E-03   0.00000000000000000E+00   0.00000000000000000E+00   0.10211435476514707E+02
NP3D2       27   0.10000000000000000E+02  -0.99000000000000000E+02   0.85442255716787607E+00   0.84699999999999998E+00   0.10000000000000000E-02   0.00000000000000000E+00   0.00000000000000000E+00   0.74225571678760982E+01
NP3D2       27   0.25000000000000000E+02  -0.99000000000000000E+02   0.37506480554368786E+01   0.37290000000000001E+01   0.80000000000000002E-02   0.00000000000000000E+00   0.00000000000000000E+00   0.27060069296098166E+01
NP3D2       27   0.50000000000000000E+02  -0.99000000000000000E+02   0.91117700917263846E+01   0.90570000000000004E+01   0.27000000000000000E-01   0.00000000000000000E+00   0.00000000000000000E+00   0.20285219157920094E+01
NP3D2       27   0.10000000000000000E+03  -0.99000000000000000E+02   0.17542065630238092E+02   0.17387000000000000E+02   0.49000000000000002E-01   0.00000000000000000E+00   0.00000000000000000E+00   0.31646046987365613E+01
NP3D2       27   0.15000000000000000E+03  -0.99000000000000000E+02   0.21610412055215033E+02   0.21962000000000000E+02   0.66000000000000003E-01   0.00000000000000000E+00   0.00000000000000000E+00  -0.53270900724994998E+01
NP3D2       27   0.20000000000000000E+03  -0.99000000000000000E+02   0.21851906915823783E+02   0.24016999999999999E+02   0.85000000000000006E-01   0.00000000000000000E+00   0.00000000000000000E+00  -0.25471683343249609E+02
NP3D2       27   0.25000000000000000E+03  -0.99000000000000000E+02   0.19455251872635465E+02   0.24846000000000000E+02   0.96000000000000002E-01   0.00000000000000000E+00   0.00000000000000000E+00  -0.56153626326713905E+02
NP3D2       27   0.30000000000000000E+03  -0.99000000000000000E+02   0.15583358968066458E+02   0.25324000000000002E+02   0.11400000000000000E+00   0.00000000000000000E+00   0.00000000000000000E+00  -0.85444219578364411E+02
NP3D2       27   0.35000000000000000E+03  -0.99000000000000000E+02   0.11225808962972348E+02   0.25949999999999999E+02   0.18900000000000000E+00   0.00000000000000000E+00   0.00000000000000000E+00  -0.77905772682685992E+02
NP3G4       28   0.10000000000000000E+01  -0.99000000000000000E+02   0.20375601490750462E-05   0.00000000000000000E+00   0.50000000000000001E-03   0.00000000000000000E+00   0.00000000000000000E+00   0.40751202981500921E-02
NP3G4       28   0.50000000000000000E+01  -0.99000000000000000E+02   0.13080520923648249E-02   0.10000000000000000E-02   0.50000000000000001E-03   0.00000000000000000E+00   0.00000000000000000E+00   0.61610418472964967E+00
NP3G4       28   0.10000000000000000E+02  -0.99000000000000000E+02   0.13762242243794144E-01   0.12000000000000000E-01   0.50000000000000001E-03   0.00000000000000000E+00   0.00000000000000000E+00   0.35244844875882868E+01
NP3G4       28   0.25000000000000000E+02  -0.99000000000000000E+02   0.17065982000345070E+00   0.17000000000000001E+00   0.50000000000000001E-03   0.00000000000000000E+00   0.00000000000000000E+00   0.13196400069013792E+01
NP3G4       28   0.50000000000000000E+02  -0.99000000000000000E+02   0.71851711306971533E+00   0.72699999999999998E+00   0.10000000000000000E-02   0.00000000000000000E+00   0.00000000000000000E+00  -0.84828869302846499E+01
NP3G4       28   0.10000000000000000E+03  -0.99000000000000000E+02   0.20949623551798435E+01   0.22480000000000002E+01   0.10000000000000000E-01   0.00000000000000000E+00   0.00000000000000000E+00  -0.15303764482015669E+02
NP3G4       28   0.15000000000000000E+03  -0.99000000000000000E+02   0.32618031958785276E+01   0.38919999999999999E+01   0.33000000000000002E-01   0.00000000000000000E+00   0.00000000000000000E+00  -0.19096872852165827E+02
NP3G4       28   0.20000000000000000E+03  -0.99000000000000000E+02   0.39258919186759127E+01   0.54840000000000000E+01   0.57000000000000002E-01   0.00000000000000000E+00   0.00000000000000000E+00  -0.27335229496913811E+02
NP3G4       28   0.25000000000000000E+03  -0.99000000000000000E+02   0.39815015905849647E+01   0.68849999999999998E+01   0.70000000000000007E-01   0.00000000000000000E+00   0.00000000000000000E+00  -0.41478548705929072E+02
NP3G4       28   0.30000000000000000E+03  -0.99000000000000000E+02   0.34917452331908727E+01   0.79859999999999998E+01   0.78000000000000000E-01   0.00000000000000000E+00   0.00000000000000000E+00  -0.57618650856527267E+02
NP3G4       28   0.35000000000000000E+03  -0.99000000000000000E+02   0.26599847729071917E+01   0.87289999999999992E+01   0.10400000000000000E+00   0.00000000000000000E+00   0.00000000000000000E+00  -0.58355915645123147E+02
NP3S1       29   0.10000000000000000E+01  -0.99000000000000000E+02  -0.32499981735746722E+02  -0.32353000000000002E+02   0.10000000000000000E-01   0.00000000000000000E+00   0.00000000000000000E+00  -0.14698173574672069E+02
NP3S1       29   0.50000000000000000E+01  -0.99000000000000000E+02  -0.62476921768346998E+02  -0.62045999999999999E+02   0.21999999999999999E-01   0.00000000000000000E+00   0.00000000000000000E+00  -0.19587353106681736E+02
NP3S1       29   0.10000000000000000E+02  -0.99000000000000000E+02  -0.78428657940398608E+02  -0.77707999999999998E+02   0.31000000000000000E-01   0.00000000000000000E+00   0.00000000000000000E+00  -0.23247030335439025E+02
NP3S1       29   0.25000000000000000E+02  -0.99000000000000000E+02   0.78575932614515821E+02   0.80135999999999996E+02   0.43999999999999997E-01   0.00000000000000000E+00   0.00000000000000000E+00  -0.35456076942822150E+02
NP3S1       29   0.50000000000000000E+02  -0.99000000000000000E+02   0.59001998440065918E+02   0.62159999999999997E+02   0.52999999999999999E-01   0.00000000000000000E+00   0.00000000000000000E+00  -0.59584935093095815E+02
NP3S1       29   0.10000000000000000E+03  -0.99000000000000000E+02   0.35499419142738660E+02   0.42712000000000003E+02   0.52999999999999999E-01   0.00000000000000000E+00   0.00000000000000000E+00  -0.13608643126908197E+03
NP3S1       29   0.15000000000000000E+03  -0.99000000000000000E+02   0.18388721401349468E+02   0.30391999999999999E+02   0.58000000000000003E-01   0.00000000000000000E+00   0.00000000000000000E+00  -0.20695307928707811E+03
NP3S1       29   0.20000000000000000E+03  -0.99000000000000000E+02   0.40458212046839437E+01   0.20936000000000000E+02   0.71999999999999995E-01   0.00000000000000000E+00   0.00000000000000000E+00  -0.23458581660161192E+03
NP3S1       29   0.25000000000000000E+03  -0.99000000000000000E+02  -0.82262307677094952E+01   0.12945000000000000E+02   0.86999999999999994E-01   0.00000000000000000E+00   0.00000000000000000E+00  -0.24334748008861490E+03
NP3S1       29   0.30000000000000000E+03  -0.99000000000000000E+02  -0.18215108322464502E+02   0.58369999999999997E+01   0.98000000000000004E-01   0.00000000000000000E+00   0.00000000000000000E+00  -0.24542967675984184E+03
NP3S1       29   0.35000000000000000E+03  -0.99000000000000000E+02  -0.24941472479284812E+02  -0.64400000000000002E+00   0.10500000000000000E+00   0.00000000000000000E+00   0.00000000000000000E+00  -0.23140449980271251E+03
NPE1        30   0.10000000000000000E+01  -0.99000000000000000E+02  -0.10523580141338898E+00  -0.10400000000000000E+00   0.10000000000000000E-02   0.00000000000000000E+00   0.00000000000000000E+00  -0.12358014133889843E+01
NPE1        30   0.50000000000000000E+01  -0.99000000000000000E+02  -0.67438350749742770E+00  -0.65700000000000003E+00   0.40000000000000001E-02   0.00000000000000000E+00   0.00000000000000000E+00  -0.43458768743569189E+01
NPE1        30   0.10000000000000000E+02  -0.99000000000000000E+02  -0.11662968577854911E+01  -0.11250000000000000E+01   0.89999999999999993E-02   0.00000000000000000E+00   0.00000000000000000E+00  -0.45885397539434543E+01
NPE1        30   0.25000000000000000E+02  -0.99000000000000000E+02   0.17976512058495786E+01   0.17340000000000000E+01   0.20000000000000000E-01   0.00000000000000000E+00   0.00000000000000000E+00   0.31825602924789309E+01
NPE1        30   0.50000000000000000E+02  -0.99000000000000000E+02   0.20262363809002428E+01   0.20569999999999999E+01   0.36999999999999998E-01   0.00000000000000000E+00   0.00000000000000000E+00  -0.83144916485830034E+00
NPE1        30   0.10000000000000000E+03  -0.99000000000000000E+02   0.17498842694899164E+01   0.24729999999999999E+01   0.68000000000000005E-01   0.00000000000000000E+00   0.00000000000000000E+00  -0.10634054860442404E+02
NPE1        30   0.15000000000000000E+03  -0.99000000000000000E+02   0.78176106226108844E+00   0.29380000000000002E+01   0.95000000000000001E-01   0.00000000000000000E+00   0.00000000000000000E+00  -0.22697251976199070E+02
NPE1        30   0.20000000000000000E+03  -0.99000000000000000E+02  -0.10396818238978818E+01   0.34480000000000000E+01   0.11200000000000000E+00   0.00000000000000000E+00   0.00000000000000000E+00  -0.40068587713373944E+02
NPE1        30   0.25000000000000000E+03  -0.99000000000000000E+02  -0.37276850569085123E+01   0.40359999999999996E+01   0.11100000000000000E+00   0.00000000000000000E+00   0.00000000000000000E+00  -0.69943108620797403E+02
NPE1        30   0.30000000000000000E+03  -0.99000000000000000E+02  -0.67927615967505615E+01   0.47530000000000001E+01   0.11300000000000000E+00   0.00000000000000000E+00   0.00000000000000000E+00  -0.10217488138717312E+03
NPE1        30   0.35000000000000000E+03  -0.99000000000000000E+02  -0.91744182834108443E+01   0.56100000000000003E+01   0.16900000000000001E+00   0.00000000000000000E+00   0.00000000000000000E+00  -0.87481764990596702E+02
NP3D1       31   0.10000000000000000E+01  -0.99000000000000000E+02  -0.52212341304530016E-02  -0.50000000000000001E-02   0.50000000000000001E-03   0.00000000000000000E+00   0.00000000000000000E+00  -0.44246826090600305E+00
NP3D1       31   0.50000000000000000E+01  -0.99000000000000000E+02  -0.18550366891817324E+00  -0.17999999999999999E+00   0.50000000000000001E-03   0.00000000000000000E+00   0.00000000000000000E+00  -0.11007337836346498E+02
NP3D1       31   0.10000000000000000E+02  -0.99000000000000000E+02  -0.68648361872883057E+00  -0.67100000000000004E+00   0.20000000000000000E-02   0.00000000000000000E+00   0.00000000000000000E+00  -0.77418093644152641E+01
NP3D1       31   0.25000000000000000E+02  -0.99000000000000000E+02  -0.28562674827793191E+01  -0.27879999999999998E+01   0.89999999999999993E-02   0.00000000000000000E+00   0.00000000000000000E+00  -0.75852758643688079E+01
NP3D1       31   0.50000000000000000E+02  -0.99000000000000000E+02  -0.66130169901602960E+01  -0.64230000000000000E+01   0.25999999999999999E-01   0.00000000000000000E+00   0.00000000000000000E+00  -0.73083457753959982E+01
NP3D1       31   0.10000000000000000E+03  -0.99000000000000000E+02  -0.12581766389260912E+02  -0.12198000000000000E+02   0.48000000000000001E-01   0.00000000000000000E+00   0.00000000000000000E+00  -0.79951331096023148E+01
NP3D1       31   0.15000000000000000E+03  -0.99000000000000000E+02  -0.16364843172972471E+02  -0.16407000000000000E+02   0.58000000000000003E-01   0.00000000000000000E+00   0.00000000000000000E+00   0.72684184530223150E+00
NP3D1       31   0.20000000000000000E+03  -0.99000000000000000E+02  -0.17788185188919584E+02  -0.19681999999999999E+02   0.70999999999999994E-01   0.00000000000000000E+00   0.00000000000000000E+00   0.26673448043386120E+02
NP3D1       31   0.25000000000000000E+03  -0.99000000000000000E+02  -0.16620966749732979E+02  -0.22324000000000002E+02   0.80000000000000002E-01   0.00000000000000000E+00   0.00000000000000000E+00   0.71287915628337785E+02
NP3D1       31   0.30000000000000000E+03  -0.99000000000000000E+02  -0.13257726210655296E+02  -0.24369000000000000E+02   0.10800000000000000E+00   0.00000000000000000E+00   0.00000000000000000E+00   0.10288216471615466E+03
NP3D1       31   0.35000000000000000E+03  -0.99000000000000000E+02  -0.90928114950351731E+01  -0.25699000000000002E+02   0.19100000000000000E+00   0.00000000000000000E+00   0.00000000000000000E+00   0.86943395313951967E+02
NP3D3       32   0.10000000000000000E+01  -0.99000000000000000E+02   0.58904686640042585E-04   0.00000000000000000E+00   0.50000000000000001E-03   0.00000000000000000E+00   0.00000000000000000E+00   0.11780937328008517E+00
NP3D3       32   0.50000000000000000E+01  -0.99000000000000000E+02   0.14480491411492371E-03   0.20000000000000000E-02   0.50000000000000001E-03   0.00000000000000000E+00   0.00000000000000000E+00  -0.37103901717701526E+01
NP3D3       32   0.10000000000000000E+02  -0.99000000000000000E+02  -0.52823686919445025E-02   0.50000000000000001E-02   0.50000000000000001E-03   0.00000000000000000E+00   0.00000000000000000E+00  -0.20564737383889003E+02
NP3D3       32   0.25000000000000000E+02  -0.99000000000000000E+02  -0.48729415252428833E-01   0.42999999999999997E-01   0.10000000000000000E-02   0.00000000000000000E+00   0.00000000000000000E+00  -0.91729415252428836E+02
NP3D3       32   0.50000000000000000E+02  -0.99000000000000000E+02  -0.10364321916830248E+00   0.31500000000000000E+00   0.40000000000000001E-02   0.00000000000000000E+00   0.00000000000000000E+00  -0.10466080479207562E+03
NP3D3       32   0.10000000000000000E+03  -0.99000000000000000E+02  -0.93419276746476584E-01   0.14440000000000000E+01   0.16000000000000000E-01   0.00000000000000000E+00   0.00000000000000000E+00  -0.96088704796654781E+02
NP3D3       32   0.15000000000000000E+03  -0.99000000000000000E+02  -0.76475594877014719E-01   0.26429999999999998E+01   0.33000000000000002E-01   0.00000000000000000E+00   0.00000000000000000E+00  -0.82408351359909517E+02
NP3D3       32   0.20000000000000000E+03  -0.99000000000000000E+02  -0.10143811820536618E+00   0.34849999999999999E+01   0.50999999999999997E-01   0.00000000000000000E+00   0.00000000000000000E+00  -0.70322316043242481E+02
NP3D3       32   0.25000000000000000E+03  -0.99000000000000000E+02  -0.12949534921266148E+00   0.39310000000000000E+01   0.70999999999999994E-01   0.00000000000000000E+00   0.00000000000000000E+00  -0.57190075341023409E+02
NP3D3       32   0.30000000000000000E+03  -0.99000000000000000E+02  -0.11719467960668049E+00   0.40990000000000002E+01   0.95000000000000001E-01   0.00000000000000000E+00   0.00000000000000000E+00  -0.44380996627438748E+02
NP3D3       32   0.35000000000000000E+03  -0.99000000000000000E+02  -0.62639429781127409E-01   0.41210000000000004E+01   0.12100000000000000E+00   0.00000000000000000E+00   0.00000000000000000E+00  -0.34575532477529983E+02
NPE3        33   0.10000000000000000E+01  -0.99000000000000000E+02   0.89466254423883180E-04   0.00000000000000000E+00   0.50000000000000001E-03   0.00000000000000000E+00   0.00000000000000000E+00   0.17893250884776635E+00
NPE3        33   0.50000000000000000E+01  -0.99000000000000000E+02   0.13379571747016228E-01   0.12000000000000000E-01   0.50000000000000001E-03   0.00000000000000000E+00   0.00000000000000000E+00   0.27591434940324557E+01
NPE3        33   0.10000000000000000E+02  -0.99000000000000000E+02   0.81760404472189005E-01   0.80000000000000002E-01   0.50000000000000001E-03   0.00000000000000000E+00   0.00000000000000000E+00   0.35208089443780066E+01
NPE3        33   0.25000000000000000E+02  -0.99000000000000000E+02   0.55399874137601279E+00   0.55300000000000005E+00   0.50000000000000001E-03   0.00000000000000000E+00   0.00000000000000000E+00   0.19974827520254923E+01
NPE3        33   0.50000000000000000E+02  -0.99000000000000000E+02   0.16107089959830680E+01   0.16150000000000000E+01   0.30000000000000001E-02   0.00000000000000000E+00   0.00000000000000000E+00  -0.14303346723106476E+01
NPE3        33   0.10000000000000000E+03  -0.99000000000000000E+02   0.34657496803976122E+01   0.34980000000000002E+01   0.16000000000000000E-01   0.00000000000000000E+00   0.00000000000000000E+00  -0.20156449751492498E+01
NPE3        33   0.15000000000000000E+03  -0.99000000000000000E+02   0.46781393259713715E+01   0.48250000000000002E+01   0.28000000000000001E-01   0.00000000000000000E+00   0.00000000000000000E+00  -0.52450240724510238E+01
NPE3        33   0.20000000000000000E+03  -0.99000000000000000E+02   0.52117043831586214E+01   0.57489999999999997E+01   0.34000000000000002E-01   0.00000000000000000E+00   0.00000000000000000E+00  -0.15802812260040536E+02
NPE3        33   0.25000000000000000E+03  -0.99000000000000000E+02   0.50596285633704152E+01   0.64269999999999996E+01   0.42999999999999997E-01   0.00000000000000000E+00   0.00000000000000000E+00  -0.31799335735571731E+02
NPE3        33   0.30000000000000000E+03  -0.99000000000000000E+02   0.43070170064481488E+01   0.69379999999999997E+01   0.52999999999999999E-01   0.00000000000000000E+00   0.00000000000000000E+00  -0.49641188557582097E+02
NPE3        33   0.35000000000000000E+03  -0.99000000000000000E+02   0.31860034945753704E+01   0.72939999999999996E+01   0.64000000000000001E-01   0.00000000000000000E+00   0.00000000000000000E+00  -0.64187445397259836E+02
NP3G3       34   0.10000000000000000E+01  -0.99000000000000000E+02  -0.52616597301876872E-06   0.00000000000000000E+00   0.50000000000000001E-03   0.00000000000000000E+00   0.00000000000000000E+00  -0.10523319460375375E-02
NP3G3       34   0.50000000000000000E+01  -0.99000000000000000E+02  -0.35249901989211442E-03   0.00000000000000000E+00   0.50000000000000001E-03   0.00000000000000000E+00   0.00000000000000000E+00  -0.70499803978422881E+00
NP3G3       34   0.10000000000000000E+02  -0.99000000000000000E+02  -0.38690729948367350E-02  -0.30000000000000001E-02   0.50000000000000001E-03   0.00000000000000000E+00   0.00000000000000000E+00  -0.17381459896734699E+01
NP3G3       34   0.25000000000000000E+02  -0.99000000000000000E+02  -0.53556161736884253E-01  -0.52999999999999999E-01   0.50000000000000001E-03   0.00000000000000000E+00   0.00000000000000000E+00  -0.11123234737685088E+01
NP3G3       34   0.50000000000000000E+02  -0.99000000000000000E+02  -0.26182612504223851E+00  -0.26500000000000001E+00   0.10000000000000000E-02   0.00000000000000000E+00   0.00000000000000000E+00   0.31738749577615022E+01
NP3G3       34   0.10000000000000000E+03  -0.99000000000000000E+02  -0.93861366900508580E+00  -0.99600000000000000E+00   0.89999999999999993E-02   0.00000000000000000E+00   0.00000000000000000E+00   0.63762589994349108E+01
NP3G3       34   0.15000000000000000E+03  -0.99000000000000000E+02  -0.16837054819854449E+01  -0.19190000000000000E+01   0.29999999999999999E-01   0.00000000000000000E+00   0.00000000000000000E+00   0.78431506004851714E+01
NP3G3       34   0.20000000000000000E+03  -0.99000000000000000E+02  -0.22582045711707321E+01  -0.28790000000000000E+01   0.52999999999999999E-01   0.00000000000000000E+00   0.00000000000000000E+00   0.11713121298665431E+02
NP3G3       34   0.25000000000000000E+03  -0.99000000000000000E+02  -0.24843130301288312E+01  -0.37989999999999999E+01   0.69000000000000006E-01   0.00000000000000000E+00   0.00000000000000000E+00   0.19053434345958966E+02
NP3G3       34   0.30000000000000000E+03  -0.99000000000000000E+02  -0.22908363148179669E+01  -0.46689999999999996E+01   0.84000000000000005E-01   0.00000000000000000E+00   0.00000000000000000E+00   0.28311472442643243E+02
NP3G3       34   0.35000000000000000E+03  -0.99000000000000000E+02  -0.17698253709371670E+01  -0.55170000000000003E+01   0.11799999999999999E+00   0.00000000000000000E+00   0.00000000000000000E+00   0.31755717195447740E+02
H2E     100001  -0.99000000000000000E+02  -0.99000000000000000E+02   0.00000000000000000E+00   0.00000000000000000E+00   0.10000000000000000E+01   0.00000000000000000E+00   0.00000000000000000E+00   0.00000000000000000E+00
H2E     100002  -0.99000000000000000E+02  -0.99000000000000000E+02   0.00000000000000000E+00   0.00000000000000000E+00   0.10000000000000000E+01   0.00000000000000000E+00   0.00000000000000000E+00   0.00000000000000000E+00
H2E     100003  -0.99000000000000000E+02  -0.99000000000000000E+02   0.00000000000000000E+00   0.00000000000000000E+00   0.10000000000000000E+01   0.00000000000000000E+00   0.00000000000000000E+00   0.00000000000000000E+00
H2E     100004  -0.99000000000000000E+02  -0.99000000000000000E+02   0.00000000000000000E+00   0.00000000000000000E+00   0.10000000000000000E+01   0.00000000000000000E+00   0.00000000000000000E+00   0.00000000000000000E+00
H2E     100005  -0.99000000000000000E+02  -0.99000000000000000E+02   0.00000000000000000E+00   0.00000000000000000E+00   0.10000000000000000E+01   0.00000000000000000E+00   0.00000000000000000E+00   0.00000000000000000E+00
H2E     100006  -0.99000000000000000E+02  -0.99000000000000000E+02   0.00000000000000000E+00   0.00000000000000000E+00   0.10000000000000000E+01   0.00000000000000000E+00   0.00000000000000000E+00   0.00000000000000000E+00
H2E     100007  -0.99000000000000000E+02  -0.99000000000000000E+02   0.00000000000000000E+00   0.00000000000000000E+00   0.10000000000000000E+01   0.00000000000000000E+00   0.00000000000000000E+00   0.00000000000000000E+00
H2E     100008  -0.99000000000000000E+02  -0.99000000000000000E+02   0.00000000000000000E+00   0.00000000000000000E+00   0.10000000000000000E+01   0.00000000000000000E+00   0.00000000000000000E+00   0.00000000000000000E+00
H2E     100009  -0.99000000000000000E+02  -0.99000000000000000E+02   0.00000000000000000E+00   0.00000000000000000E+00   0.10000000000000000E+01   0.00000000000000000E+00   0.00000000000000000E+00   0.00000000000000000E+00
H2E     100010  -0.99000000000000000E+02  -0.99000000000000000E+02   0.00000000000000000E+00   0.00000000000000000E+00   0.10000000000000000E+01   0.00000000000000000E+00   0.00000000000000000E+00   0.00000000000000000E+00
H2E     100011  -0.99000000000000000E+02  -0.99000000000000000E+02   0.00000000000000000E+00   0.00000000000000000E+00   0.10000000000000000E+01   0.00000000000000000E+00   0.00000000000000000E+00   0.00000000000000000E+00
H2E     100012  -0.99000000000000000E+02  -0.99000000000000000E+02   0.00000000000000000E+00   0.00000000000000000E+00   0.10000000000000000E+01   0.00000000000000000E+00   0.00000000000000000E+00   0.00000000000000000E+00
H2E     100013  -0.99000000000000000E+02  -0.99000000000000000E+02   0.00000000000000000E+00   0.00000000000000000E+00   0.10000000000000000E+01   0.00000000000000000E+00   0.00000000000000000E+00   0.00000000000000000E+00
H2E     100014  -0.99000000000000000E+02  -0.99000000000000000E+02   0.00000000000000000E+00   0.00000000000000000E+00   0.10000000000000000E+01   0.00000000000000000E+00   0.00000000000000000E+00   0.00000000000000000E+00
H2E     100015  -0.99000000000000000E+02  -0.99000000000000000E+02   0.00000000000000000E+00   0.00000000000000000E+00   0.10000000000000000E+01   0.00000000000000000E+00   0.00000000000000000E+00   0.00000000000000000E+00
H2E     100016  -0.99000000000000000E+02  -0.99000000000000000E+02   0.00000000000000000E+00   0.00000000000000000E+00   0.10000000000000000E+01   0.00000000000000000E+00   0.00000000000000000E+00   0.00000000000000000E+00
H2E     100017  -0.99000000000000000E+02  -0.99000000000000000E+02   0.00000000000000000E+00   0.00000000000000000E+00   0.10000000000000000E+01   0.00000000000000000E+00   0.00000000000000000E+00   0.00000000000000000E+00
H2E     100018  -0.99000000000000000E+02  -0.99000000000000000E+02   0.00000000000000000E+00   0.00000000000000000E+00   0.10000000000000000E+01   0.00000000000000000E+00   0.00000000000000000E+00   0.00000000000000000E+00
H2E     100019  -0.99000000000000000E+02  -0.99000000000000000E+02   0.00000000000000000E+00   0.00000000000000000E+00   0.10000000000000000E+01   0.00000000000000000E+00   0.00000000000000000E+00   0.00000000000000000E+00
H2E     100020  -0.99000000000000000E+02  -0.99000000000000000E+02   0.00000000000000000E+00   0.00000000000000000E+00   0.10000000000000000E+01   0.00000000000000000E+00   0.00000000000000000E+00   0.00000000000000000E+00
H2E     100021  -0.99000000000000000E+02  -0.99000000000000000E+02   0.00000000000000000E+00   0.00000000000000000E+00   0.10000000000000000E+01   0.00000000000000000E+00   0.00000000000000000E+00   0.00000000000000000E+00
H2E     100022  -0.99000000000000000E+02  -0.99000000000000000E+02   0.00000000000000000E+00   0.00000000000000000E+00   0.10000000000000000E+01   0.00000000000000000E+00   0.00000000000000000E+00   0.00000000000000000E+00
H2E     100023  -0.99000000000000000E+02  -0.99000000000000000E+02   0.00000000000000000E+00   0.00000000000000000E+00   0.10000000000000000E+01   0.00000000000000000E+00   0.00000000000000000E+00   0.00000000000000000E+00
H2E     100024  -0.99000000000000000E+02  -0.99000000000000000E+02   0.00000000000000000E+00   0.00000000000000000E+00   0.10000000000000000E+01   0.00000000000000000E+00   0.00000000000000000E+00   0.00000000000000000E+00
H2E     100025  -0.99000000000000000E+02  -0.99000000000000000E+02  -0.22358352777976753E+01  -0.22245750000000002E+01   0.22245750000000002E+01   0.00000000000000000E+00   0.00000000000000000E+00  -0.50617658643449344E-02
H2R     100025  -0.99000000000000000E+02  -0.99000000000000000E+02   0.19845023670497095E+01   0.19753499999999999E+01   0.19753499999999999E+01   0.00000000000000000E+00   0.00000000000000000E+00   0.46332888094310198E-02
H2Q     100025  -0.99000000000000000E+02  -0.99000000000000000E+02   0.26745735250477359E+00   0.27000000000000002E+00   0.27000000000000002E+00   0.00000000000000000E+00   0.00000000000000000E+00  -0.94172129452830527E-02
H2E     100026  -0.99000000000000000E+02  -0.99000000000000000E+02   0.00000000000000000E+00   0.00000000000000000E+00   0.10000000000000000E+01   0.00000000000000000E+00   0.00000000000000000E+00   0.00000000000000000E+00
H2E     100027  -0.99000000000000000E+02  -0.99000000000000000E+02   0.00000000000000000E+00   0.00000000000000000E+00   0.10000000000000000E+01   0.00000000000000000E+00   0.00000000000000000E+00   0.00000000000000000E+00
H2E     100028  -0.99000000000000000E+02  -0.99000000000000000E+02   0.00000000000000000E+00   0.00000000000000000E+00   0.10000000000000000E+01   0.00000000000000000E+00   0.00000000000000000E+00   0.00000000000000000E+00
H2E     100029  -0.99000000000000000E+02  -0.99000000000000000E+02   0.00000000000000000E+00   0.00000000000000000E+00   0.10000000000000000E+01   0.00000000000000000E+00   0.00000000000000000E+00   0.00000000000000000E+00
H2E     100030  -0.99000000000000000E+02  -0.99000000000000000E+02   0.00000000000000000E+00   0.00000000000000000E+00   0.10000000000000000E+01   0.00000000000000000E+00   0.00000000000000000E+00   0.00000000000000000E+00
H2E     100031  -0.99000000000000000E+02  -0.99000000000000000E+02   0.00000000000000000E+00   0.00000000000000000E+00   0.10000000000000000E+01   0.00000000000000000E+00   0.00000000000000000E+00   0.00000000000000000E+00
H2E     100032  -0.99000000000000000E+02  -0.99000000000000000E+02   0.00000000000000000E+00   0.00000000000000000E+00   0.10000000000000000E+01   0.00000000000000000E+00   0.00000000000000000E+00   0.00000000000000000E+00
H2E     100033  -0.99000000000000000E+02  -0.99000000000000000E+02   0.00000000000000000E+00   0.00000000000000000E+00   0.10000000000000000E+01   0.00000000000000000E+00   0.00000000000000000E+00   0.00000000000000000E+00
H2E     100034  -0.99000000000000000E+02  -0.99000000000000000E+02   0.00000000000000000E+00   0.00000000000000000E+00   0.10000000000000000E+01   0.00000000000000000E+00   0.00000000000000000E+00   0.00000000000000000E+00
H2E     100035  -0.99000000000000000E+02  -0.99000000000000000E+02   0.00000000000000000E+00   0.00000000000000000E+00   0.10000000000000000E+01   0.00000000000000000E+00   0.00000000000000000E+00   0.00000000000000000E+00
H2E     100036  -0.99000000000000000E+02  -0.99000000000000000E+02   0.00000000000000000E+00   0.00000000000000000E+00   0.10000000000000000E+01   0.00000000000000000E+00   0.00000000000000000E+00   0.00000000000000000E+00
H2E     100037  -0.99000000000000000E+02  -0.99000000000000000E+02   0.00000000000000000E+00   0.00000000000000000E+00   0.10000000000000000E+01   0.00000000000000000E+00   0.00000000000000000E+00   0.00000000000000000E+00
H2E     100038  -0.99000000000000000E+02  -0.99000000000000000E+02   0.00000000000000000E+00   0.00000000000000000E+00   0.10000000000000000E+01   0.00000000000000000E+00   0.00000000000000000E+00   0.00000000000000000E+00
H2E     100039  -0.99000000000000000E+02  -0.99000000000000000E+02   0.00000000000000000E+00   0.00000000000000000E+00   0.10000000000000000E+01   0.00000000000000000E+00   0.00000000000000000E+00   0.00000000000000000E+00
H2E     100040  -0.99000000000000000E+02  -0.99000000000000000E+02   0.00000000000000000E+00   0.00000000000000000E+00   0.10000000000000000E+01   0.00000000000000000E+00   0.00000000000000000E+00   0.00000000000000000E+00
H2E     100041  -0.99000000000000000E+02  -0.99000000000000000E+02   0.00000000000000000E+00   0.00000000000000000E+00   0.10000000000000000E+01   0.00000000000000000E+00   0.00000000000000000E+00   0.00000000000000000E+00
H2E     100042  -0.99000000000000000E+02  -0.99000000000000000E+02   0.00000000000000000E+00   0.00000000000000000E+00   0.10000000000000000E+01   0.00000000000000000E+00   0.00000000000000000E+00   0.00000000000000000E+00
H2E     100043  -0.99000000000000000E+02  -0.99000000000000000E+02   0.00000000000000000E+00   0.00000000000000000E+00   0.10000000000000000E+01   0.00000000000000000E+00   0.00000000000000000E+00   0.00000000000000000E+00
H2E     100044  -0.99000000000000000E+02  -0.99000000000000000E+02   0.00000000000000000E+00   0.00000000000000000E+00   0.10000000000000000E+01   0.00000000000000000E+00   0.00000000000000000E+00   0.00000000000000000E+00
H2E     100045  -0.99000000000000000E+02  -0.99000000000000000E+02   0.00000000000000000E+00   0.00000000000000000E+00   0.10000000000000000E+01   0.00000000000000000E+00   0.00000000000000000E+00   0.00000000000000000E+00
H2E     100046  -0.99000000000000000E+02  -0.99000000000000000E+02   0.00000000000000000E+00   0.00000000000000000E+00   0.10000000000000000E+01   0.00000000000000000E+00   0.00000000000000000E+00   0.00000000000000000E+00
H2E     100047  -0.99000000000000000E+02  -0.99000000000000000E+02   0.00000000000000000E+00   0.00000000000000000E+00   0.10000000000000000E+01   0.00000000000000000E+00   0.00000000000000000E+00   0.00000000000000000E+00
H2E     100048  -0.99000000000000000E+02  -0.99000000000000000E+02   0.00000000000000000E+00   0.00000000000000000E+00   0.10000000000000000E+01   0.00000000000000000E+00   0.00000000000000000E+00   0.00000000000000000E+00
H2E     100049  -0.99000000000000000E+02  -0.99000000000000000E+02   0.00000000000000000E+00   0.00000000000000000E+00   0.10000000000000000E+01   0.00000000000000000E+00   0.00000000000000000E+00   0.00000000000000000E+00
H2E     100050  -0.99000000000000000E+02  -0.99000000000000000E+02   0.00000000000000000E+00   0.00000000000000000E+00   0.10000000000000000E+01   0.00000000000000000E+00   0.00000000000000000E+00   0.00000000000000000E+00
H2E     100051  -0.99000000000000000E+02  -0.99000000000000000E+02   0.00000000000000000E+00   0.00000000000000000E+00   0.10000000000000000E+01   0.00000000000000000E+00   0.00000000000000000E+00   0.00000000000000000E+00
H2E     100052  -0.99000000000000000E+02  -0.99000000000000000E+02   0.00000000000000000E+00   0.00000000000000000E+00   0.10000000000000000E+01   0.00000000000000000E+00   0.00000000000000000E+00   0.00000000000000000E+00
H3E     300000  -0.99000000000000000E+02  -0.99000000000000000E+02  -0.84808877201632455E+01  -0.84817950000000000E+01   0.50890769999999995E-01   0.00000000000000000E+00   0.00000000000000000E+00   0.17827984067728325E-01
H3R     300000  -0.99000000000000000E+02  -0.99000000000000000E+02   0.16111590797121207E+01   0.15870000000000000E+01   0.95219999999999992E-02   0.00000000000000000E+00   0.00000000000000000E+00   0.25371854350053273E+01
He3E    300000  -0.99000000000000000E+02  -0.99000000000000000E+02  -0.77162426559139554E+01  -0.77180400000000002E+01   0.46308239999999994E-01   0.00000000000000000E+00   0.00000000000000000E+00   0.38812619223810206E-01
He3R    300000  -0.99000000000000000E+02  -0.99000000000000000E+02   0.17920284650751430E+01   0.17700000000000000E+01   0.10620000000000001E-01   0.00000000000000000E+00   0.00000000000000000E+00   0.20742434157385121E+01
He4E    300000  -0.99000000000000000E+02  -0.99000000000000000E+02  -0.28297521590489804E+02  -0.28295660000000002E+02   0.16977396000000000E+00   0.00000000000000000E+00   0.00000000000000000E+00  -0.10965112021906790E-01
He4R    300000  -0.99000000000000000E+02  -0.99000000000000000E+02   0.14793044634351606E+01   0.14550000000000001E+01   0.87299999999999999E-02   0.00000000000000000E+00   0.00000000000000000E+00   0.27840164301443955E+01
a_pp    300002   0.00000000000000000E+00  -0.99000000000000000E+02  -0.79203720028229201E+01  -0.78196000000000003E+01   0.78196000000000006E-03   0.00000000000000000E+00   0.00000000000000000E+00  -0.12887104560708957E+03
r_pp    300002   0.00000000000000000E+00  -0.99000000000000000E+02   0.28660781029655746E+01   0.27900000000000000E+01   0.69750000000000003E-02   0.00000000000000000E+00   0.00000000000000000E+00   0.10907254905458723E+02
a_np    300002   0.00000000000000000E+00  -0.99000000000000000E+02  -0.23820161891338696E+02  -0.23739999999999998E+02   0.23739999999999998E-02   0.00000000000000000E+00   0.00000000000000000E+00  -0.33766592813267671E+02
r_np    300002   0.00000000000000000E+00  -0.99000000000000000E+02   0.28094970715348828E+01   0.27700000000000000E+01   0.27700000000000003E-02   0.00000000000000000E+00   0.00000000000000000E+00   0.14258870590210396E+02
a_nn    300002   0.00000000000000000E+00  -0.99000000000000000E+02  -0.19561173828899936E+02  -0.18949999999999999E+02   0.28424999999999995E+00   0.00000000000000000E+00   0.00000000000000000E+00  -0.21501278061563283E+01
r_nn    300002   0.00000000000000000E+00  -0.99000000000000000E+02   0.29149108586351220E+01   0.27500000000000000E+01   0.13750000000000000E-01   0.00000000000000000E+00   0.00000000000000000E+00   0.11993516991645237E+02
