PP1S0        1   0.10000000000000000E+01  -0.99000000000000000E+02   0.32794090460398415E+02   0.32651000000000003E+02   0.30000000000000001E-02   0.00000000000000000E+00   0.00000000000000000E+00   0.47696820132803929E+02
PP1S0        1   0.50000000000000000E+01  -0.99000000000000000E+02   0.54528597721376265E+02   0.54841000000000001E+02   0.60000000000000001E-02   0.00000000000000000E+00   0.00000000000000000E+00  -0.52067046437289356E+02
PP1S0        1   0.10000000000000000E+02  -0.99000000000000000E+02   0.54650151516743641E+02   0.55256000000000000E+02   0.10000000000000000E-01   0.00000000000000000E+00   0.00000000000000000E+00  -0.60584848325635932E+02
PP1S0        1   0.25000000000000000E+02  -0.99000000000000000E+02   0.47721696065863817E+02   0.48789000000000001E+02   0.12999999999999999E-01   0.00000000000000000E+00   0.00000000000000000E+00  -0.82100302625860337E+02
PP1S0        1   0.50000000000000000E+02  -0.99000000000000000E+02   0.37804934490404371E+02   0.39185000000000002E+02   0.17000000000000001E-01   0.00000000000000000E+00   0.00000000000000000E+00  -0.81180324093860676E+02
PP1S0        1   0.10000000000000000E+03  -0.99000000000000000E+02   0.24643956556866229E+02   0.25443999999999999E+02   0.33000000000000002E-01   0.00000000000000000E+00   0.00000000000000000E+00  -0.24243740701023338E+02
PP1S0        1   0.15000000000000000E+03  -0.99000000000000000E+02   0.16977100535007509E+02   0.15254000000000000E+02   0.45999999999999999E-01   0.00000000000000000E+00   0.00000000000000000E+00   0.37458707282771940E+02
PP1S0        1   0.20000000000000000E+03  -0.99000000000000000E+02   0.13453199122599171E+02   0.70410000000000004E+01   0.57000000000000002E-01   0.00000000000000000E+00   0.00000000000000000E+00   0.11249472144910825E+03
PP1S0        1   0.25000000000000000E+03  -0.99000000000000000E+02   0.12879805294566925E+02   0.31800000000000000E+00   0.73999999999999996E-01   0.00000000000000000E+00   0.00000000000000000E+00   0.16975412560225575E+03
PP1S0        1   0.30000000000000000E+03  -0.99000000000000000E+02   0.13185075038859750E+02  -0.50979999999999999E+01   0.10000000000000001E+00   0.00000000000000000E+00   0.00000000000000000E+00   0.18283075038859749E+03
PP1S0        1   0.35000000000000000E+03  -0.99000000000000000E+02   0.12434177116743010E+02  -0.93420000000000005E+01   0.13400000000000001E+00   0.00000000000000000E+00   0.00000000000000000E+00   0.16250878445330605E+03
PP1D2        2   0.10000000000000000E+01  -0.99000000000000000E+02   0.97690578988252844E-03   0.10000000000000000E-02   0.50000000000000001E-03   0.00000000000000000E+00   0.00000000000000000E+00  -0.46188420234943156E-01
PP1D2        2   0.50000000000000000E+01  -0.99000000000000000E+02   0.44857966685056011E-01   0.42000000000000003E-01   0.50000000000000001E-03   0.00000000000000000E+00   0.00000000000000000E+00   0.57159333701120163E+01
PP1D2        2   0.10000000000000000E+02  -0.99000000000000000E+02   0.17223096237667709E+00   0.16400000000000001E+00   0.50000000000000001E-03   0.00000000000000000E+00   0.00000000000000000E+00   0.16461924753354172E+02
PP1D2        2   0.25000000000000000E+02  -0.99000000000000000E+02   0.74659928393221042E+00   0.69399999999999995E+00   0.10000000000000000E-02   0.00000000000000000E+00   0.00000000000000000E+00   0.52599283932210469E+02
PP1D2        2   0.50000000000000000E+02  -0.99000000000000000E+02   0.19333673153741331E+01   0.17090000000000001E+01   0.40000000000000001E-02   0.00000000000000000E+00   0.00000000000000000E+00   0.56091828843533250E+02
PP1D2        2   0.10000000000000000E+03  -0.99000000000000000E+02   0.47026287228491084E+01   0.37810000000000001E+01   0.80000000000000002E-02   0.00000000000000000E+00   0.00000000000000000E+00   0.11520359035613853E+03
PP1D2        2   0.15000000000000000E+03  -0.99000000000000000E+02   0.72930230507421161E+01   0.56180000000000003E+01   0.14000000000000000E-01   0.00000000000000000E+00   0.00000000000000000E+00   0.11964450362443684E+03
PP1D2        2   0.20000000000000000E+03  -0.99000000000000000E+02   0.88813315462344864E+01   0.71920000000000002E+01   0.21000000000000001E-01   0.00000000000000000E+00   0.00000000000000000E+00   0.80444359344499333E+02
PP1D2        2   0.25000000000000000E+03  -0.99000000000000000E+02   0.90771885916486816E+01   0.85380000000000003E+01   0.24000000000000000E-01   0.00000000000000000E+00   0.00000000000000000E+00   0.22466191318695056E+02
PP1D2        2   0.30000000000000000E+03  -0.99000000000000000E+02   0.80152756061228949E+01   0.95770000000000000E+01   0.31000000000000000E-01   0.00000000000000000E+00   0.00000000000000000E+00  -0.50378206254100164E+02
PP1D2        2   0.35000000000000000E+03  -0.99000000000000000E+02   0.61733785325222890E+01   0.10183000000000000E+02   0.51999999999999998E-01   0.00000000000000000E+00   0.00000000000000000E+00  -0.77108105143802135E+02
PP1G4        3   0.10000000000000000E+01  -0.99000000000000000E+02   0.41990364925777960E-06   0.00000000000000000E+00   0.50000000000000001E-03   0.00000000000000000E+00   0.00000000000000000E+00   0.83980729851555920E-03
PP1G4        3   0.50000000000000000E+01  -0.99000000000000000E+02   0.33299005914369517E-03   0.00000000000000000E+00   0.50000000000000001E-03   0.00000000000000000E+00   0.00000000000000000E+00   0.66598011828739034E+00
PP1G4        3   0.10000000000000000E+02  -0.99000000000000000E+02   0.35048025775993937E-02   0.30000000000000001E-02   0.50000000000000001E-03   0.00000000000000000E+00   0.00000000000000000E+00   0.10096051551987872E+01
PP1G4        3   0.25000000000000000E+02  -0.99000000000000000E+02   0.40372163659945240E-01   0.40000000000000001E-01   0.50000000000000001E-03   0.00000000000000000E+00   0.00000000000000000E+00   0.74432731989047818E+00
PP1G4        3   0.50000000000000000E+02  -0.99000000000000000E+02   0.15498198092904367E+00   0.15200000000000000E+00   0.50000000000000001E-03   0.00000000000000000E+00   0.00000000000000000E+00   0.59639618580873410E+01
PP1G4        3   0.10000000000000000E+03  -0.99000000000000000E+02   0.42098886564744042E+00   0.41799999999999998E+00   0.20000000000000000E-02   0.00000000000000000E+00   0.00000000000000000E+00   0.14944328237202209E+01
PP1G4        3   0.15000000000000000E+03  -0.99000000000000000E+02   0.66593924664328974E+00   0.70299999999999996E+00   0.60000000000000001E-02   0.00000000000000000E+00   0.00000000000000000E+00  -0.61767922261183701E+01
PP1G4        3   0.20000000000000000E+03  -0.99000000000000000E+02   0.85104223670513046E+00   0.10060000000000000E+01   0.12000000000000000E-01   0.00000000000000000E+00   0.00000000000000000E+00  -0.12913146941239129E+02
PP1G4        3   0.25000000000000000E+03  -0.99000000000000000E+02   0.93416622492150192E+00   0.13069999999999999E+01   0.17000000000000001E-01   0.00000000000000000E+00   0.00000000000000000E+00  -0.21931398534029295E+02
PP1G4        3   0.30000000000000000E+03  -0.99000000000000000E+02   0.89029172348927066E+00   0.15860000000000001E+01   0.19000000000000000E-01   0.00000000000000000E+00   0.00000000000000000E+00  -0.36616225079512077E+02
PP1G4        3   0.35000000000000000E+03  -0.99000000000000000E+02   0.73383660061913858E+00   0.18420000000000001E+01   0.25999999999999999E-01   0.00000000000000000E+00   0.00000000000000000E+00  -0.42621669206956213E+02
PP3P0        4   0.10000000000000000E+01  -0.99000000000000000E+02   0.14691083061423788E+00   0.13300000000000001E+00   0.50000000000000001E-03   0.00000000000000000E+00   0.00000000000000000E+00   0.27821661228475737E+02
PP3P0        4   0.50000000000000000E+01  -0.99000000000000000E+02   0.17666086936194412E+01   0.15820000000000001E+01   0.30000000000000001E-02   0.00000000000000000E+00   0.00000000000000000E+00   0.61536231206480366E+02
PP3P0        4   0.10000000000000000E+02  -0.99000000000000000E+02   0.42591598357617793E+01   0.37370000000000001E+01   0.80000000000000002E-02   0.00000000000000000E+00   0.00000000000000000E+00   0.65269979470222395E+02
PP3P0        4   0.25000000000000000E+02  -0.99000000000000000E+02   0.10266944191179757E+02   0.86069999999999993E+01   0.20000000000000000E-01   0.00000000000000000E+00   0.00000000000000000E+00   0.82997209558987876E+02
PP3P0        4   0.50000000000000000E+02  -0.99000000000000000E+02   0.14220897201757827E+02   0.11523999999999999E+02   0.32000000000000001E-01   0.00000000000000000E+00   0.00000000000000000E+00   0.84278037554932126E+02
PP3P0        4   0.10000000000000000E+03  -0.99000000000000000E+02   0.11076035189387728E+02   0.94969999999999999E+01   0.56000000000000001E-01   0.00000000000000000E+00   0.00000000000000000E+00   0.28197056953352284E+02
PP3P0        4   0.15000000000000000E+03  -0.99000000000000000E+02   0.28177160566521011E+01   0.48159999999999998E+01   0.66000000000000003E-01   0.00000000000000000E+00   0.00000000000000000E+00  -0.30277029444665132E+02
PP3P0        4   0.20000000000000000E+03  -0.99000000000000000E+02  -0.69644946599503612E+01  -0.22700000000000001E+00   0.62000000000000000E-01   0.00000000000000000E+00   0.00000000000000000E+00  -0.10866926870887679E+03
PP3P0        4   0.25000000000000000E+03  -0.99000000000000000E+02  -0.16762664535973130E+02  -0.51210000000000004E+01   0.63000000000000000E-01   0.00000000000000000E+00   0.00000000000000000E+00  -0.18478832596782746E+03
PP3P0        4   0.30000000000000000E+03  -0.99000000000000000E+02  -0.25227248627014653E+02  -0.96630000000000003E+01   0.88999999999999996E-01   0.00000000000000000E+00   0.00000000000000000E+00  -0.17487919805634442E+03
PP3P0        4   0.35000000000000000E+03  -0.99000000000000000E+02  -0.30558653260332402E+02  -0.13677000000000000E+02   0.14099999999999999E+00   0.00000000000000000E+00   0.00000000000000000E+00  -0.11972803730732201E+03
PP3P1        5   0.10000000000000000E+01  -0.99000000000000000E+02  -0.76873649737226185E-01  -0.80000000000000002E-01   0.50000000000000001E-03   0.00000000000000000E+00   0.00000000000000000E+00   0.62527005255476329E+01
PP3P1        5   0.50000000000000000E+01  -0.99000000000000000E+02  -0.83884561952620884E+00  -0.89200000000000002E+00   0.10000000000000000E-02   0.00000000000000000E+00   0.00000000000000000E+00   0.53154380473791171E+02
PP3P1        5   0.10000000000000000E+02  -0.99000000000000000E+02  -0.18827971108948445E+01  -0.20369999999999999E+01   0.20000000000000000E-02   0.00000000000000000E+00   0.00000000000000000E+00   0.77101444552577718E+02
PP3P1        5   0.25000000000000000E+02  -0.99000000000000000E+02  -0.43392312281711600E+01  -0.48620000000000001E+01   0.60000000000000001E-02   0.00000000000000000E+00   0.00000000000000000E+00   0.87128128638140012E+02
PP3P1        5   0.50000000000000000E+02  -0.99000000000000000E+02  -0.71613242575672800E+01  -0.82080000000000002E+01   0.12000000000000000E-01   0.00000000000000000E+00   0.00000000000000000E+00   0.87222978536060012E+02
PP3P1        5   0.10000000000000000E+03  -0.99000000000000000E+02  -0.12299510426525700E+02  -0.13259000000000000E+02   0.19000000000000000E-01   0.00000000000000000E+00   0.00000000000000000E+00   0.50499451235489502E+02
PP3P1        5   0.15000000000000000E+03  -0.99000000000000000E+02  -0.18589547229325156E+02  -0.17620000000000001E+02   0.25000000000000001E-01   0.00000000000000000E+00   0.00000000000000000E+00  -0.38781889173006192E+02
PP3P1        5   0.20000000000000000E+03  -0.99000000000000000E+02  -0.25949366446410338E+02  -0.21506000000000000E+02   0.35999999999999997E-01   0.00000000000000000E+00   0.00000000000000000E+00  -0.12342684573362050E+03
PP3P1        5   0.25000000000000000E+03  -0.99000000000000000E+02  -0.33580038974476551E+02  -0.24902999999999999E+02   0.50999999999999997E-01   0.00000000000000000E+00   0.00000000000000000E+00  -0.17013801910738340E+03
PP3P1        5   0.30000000000000000E+03  -0.99000000000000000E+02  -0.40195718122557707E+02  -0.27811000000000000E+02   0.64000000000000001E-01   0.00000000000000000E+00   0.00000000000000000E+00  -0.19351122066496418E+03
PP3P1        5   0.35000000000000000E+03  -0.99000000000000000E+02  -0.43746924584286589E+02  -0.30221000000000000E+02   0.75999999999999998E-01   0.00000000000000000E+00   0.00000000000000000E+00  -0.17797269189850775E+03
PP3F3        6   0.10000000000000000E+01  -0.99000000000000000E+02  -0.25787000280548224E-04   0.00000000000000000E+00   0.50000000000000001E-03   0.00000000000000000E+00   0.00000000000000000E+00  -0.51574000561096449E-01
PP3F3        6   0.50000000000000000E+01  -0.99000000000000000E+02  -0.50304317677183569E-02  -0.40000000000000001E-02   0.50000000000000001E-03   0.00000000000000000E+00   0.00000000000000000E+00  -0.20608635354367135E+01
PP3F3        6   0.10000000000000000E+02  -0.99000000000000000E+02  -0.32489042238684554E-01  -0.31000000000000000E-01   0.50000000000000001E-03   0.00000000000000000E+00   0.00000000000000000E+00  -0.29780844773691082E+01
PP3F3        6   0.25000000000000000E+02  -0.99000000000000000E+02  -0.22973884527541305E+00  -0.23000000000000001E+00   0.50000000000000001E-03   0.00000000000000000E+00   0.00000000000000000E+00   0.52230944917391886E+00
PP3F3        6   0.50000000000000000E+02  -0.99000000000000000E+02  -0.67405602981302615E+00  -0.68200000000000005E+00   0.20000000000000000E-02   0.00000000000000000E+00   0.00000000000000000E+00   0.39719850934869516E+01
PP3F3        6   0.10000000000000000E+03  -0.99000000000000000E+02  -0.13873981374046629E+01  -0.14730000000000001E+01   0.89999999999999993E-02   0.00000000000000000E+00   0.00000000000000000E+00   0.95113180661485774E+01
PP3F3        6   0.15000000000000000E+03  -0.99000000000000000E+02  -0.17047791594818051E+01  -0.20609999999999999E+01   0.19000000000000000E-01   0.00000000000000000E+00   0.00000000000000000E+00   0.18748465290431305E+02
PP3F3        6   0.20000000000000000E+03  -0.99000000000000000E+02  -0.16582519352845349E+01  -0.25049999999999999E+01   0.33000000000000002E-01   0.00000000000000000E+00   0.00000000000000000E+00   0.25659032264105001E+02
PP3F3        6   0.25000000000000000E+03  -0.99000000000000000E+02  -0.13492699193941875E+01  -0.27180000000000000E+01   0.45999999999999999E-01   0.00000000000000000E+00   0.00000000000000000E+00   0.29755001752300270E+02
PP3F3        6   0.30000000000000000E+03  -0.99000000000000000E+02  -0.92133243590018998E+00  -0.25470000000000002E+01   0.53999999999999999E-01   0.00000000000000000E+00   0.00000000000000000E+00   0.30104954890737226E+02
PP3F3        6   0.35000000000000000E+03  -0.99000000000000000E+02  -0.51765035293714456E+00  -0.19219999999999999E+01   0.68000000000000005E-01   0.00000000000000000E+00   0.00000000000000000E+00   0.20652200692100813E+02
PP3P2        7   0.10000000000000000E+01  -0.99000000000000000E+02   0.17439599981072449E-01   0.14000000000000000E-01   0.50000000000000001E-03   0.00000000000000000E+00   0.00000000000000000E+00   0.68791999621448969E+01
PP3P2        7   0.50000000000000000E+01  -0.99000000000000000E+02   0.26849792901726444E+00   0.21299999999999999E+00   0.10000000000000000E-02   0.00000000000000000E+00   0.00000000000000000E+00   0.55497929017264440E+02
PP3P2        7   0.10000000000000000E+02  -0.99000000000000000E+02   0.80706061494750359E+00   0.64800000000000002E+00   0.20000000000000000E-02   0.00000000000000000E+00   0.00000000000000000E+00   0.79530307473751776E+02
PP3P2        7   0.25000000000000000E+02  -0.99000000000000000E+02   0.30557742659703497E+01   0.24889999999999999E+01   0.50000000000000001E-02   0.00000000000000000E+00   0.00000000000000000E+00   0.11335485319406997E+03
PP3P2        7   0.50000000000000000E+02  -0.99000000000000000E+02   0.70527288382356108E+01   0.58540000000000001E+01   0.89999999999999993E-02   0.00000000000000000E+00   0.00000000000000000E+00   0.13319209313729010E+03
PP3P2        7   0.10000000000000000E+03  -0.99000000000000000E+02   0.12152198753190079E+02   0.10980000000000000E+02   0.17999999999999999E-01   0.00000000000000000E+00   0.00000000000000000E+00   0.65122152955004395E+02
PP3P2        7   0.15000000000000000E+03  -0.99000000000000000E+02   0.13054258720295964E+02   0.14007999999999999E+02   0.19000000000000000E-01   0.00000000000000000E+00   0.00000000000000000E+00  -0.50196909458107108E+02
PP3P2        7   0.20000000000000000E+03  -0.99000000000000000E+02   0.11260996650675503E+02   0.15784000000000001E+02   0.25000000000000001E-01   0.00000000000000000E+00   0.00000000000000000E+00  -0.18092013397297990E+03
PP3P2        7   0.25000000000000000E+03  -0.99000000000000000E+02   0.81677108442584316E+01   0.16715000000000000E+02   0.32000000000000001E-01   0.00000000000000000E+00   0.00000000000000000E+00  -0.26710278611692399E+03
PP3P2        7   0.30000000000000000E+03  -0.99000000000000000E+02   0.48386642723731592E+01   0.16951000000000001E+02   0.33000000000000002E-01   0.00000000000000000E+00   0.00000000000000000E+00  -0.36704047659475276E+03
PP3P2        7   0.35000000000000000E+03  -0.99000000000000000E+02   0.20611782214628036E+01   0.16600000000000001E+02   0.29999999999999999E-01   0.00000000000000000E+00   0.00000000000000000E+00  -0.48462739261790659E+03
PPE2         8   0.10000000000000000E+01  -0.99000000000000000E+02  -0.11412453475081845E-02  -0.10000000000000000E-02   0.50000000000000001E-03   0.00000000000000000E+00   0.00000000000000000E+00  -0.28249069501636892E+00
PPE2         8   0.50000000000000000E+01  -0.99000000000000000E+02  -0.52815993380608460E-01  -0.51999999999999998E-01   0.50000000000000001E-03   0.00000000000000000E+00   0.00000000000000000E+00  -0.16319867612169248E+01
PPE2         8   0.10000000000000000E+02  -0.99000000000000000E+02  -0.20164586856757777E+00  -0.20100000000000001E+00   0.50000000000000001E-03   0.00000000000000000E+00   0.00000000000000000E+00  -0.12917371351555129E+01
PPE2         8   0.25000000000000000E+02  -0.99000000000000000E+02  -0.81018406836279699E+00  -0.81100000000000005E+00   0.10000000000000000E-02   0.00000000000000000E+00   0.00000000000000000E+00   0.81593163720306006E+00
PPE2         8   0.50000000000000000E+02  -0.99000000000000000E+02  -0.16856430892742682E+01  -0.17080000000000000E+01   0.40000000000000001E-02   0.00000000000000000E+00   0.00000000000000000E+00   0.55892276814329396E+01
PPE2         8   0.10000000000000000E+03  -0.99000000000000000E+02  -0.25131394469648516E+01  -0.26429999999999998E+01   0.80000000000000002E-02   0.00000000000000000E+00   0.00000000000000000E+00   0.16232569129393525E+02
PPE2         8   0.15000000000000000E+03  -0.99000000000000000E+02  -0.25894411203856218E+01  -0.29129999999999998E+01   0.12000000000000000E-01   0.00000000000000000E+00   0.00000000000000000E+00   0.26963239967864833E+02
PPE2         8   0.20000000000000000E+03  -0.99000000000000000E+02  -0.23217709581202852E+01  -0.29009999999999998E+01   0.16000000000000000E-01   0.00000000000000000E+00   0.00000000000000000E+00   0.36201815117482163E+02
PPE2         8   0.25000000000000000E+03  -0.99000000000000000E+02  -0.18992137677876366E+01  -0.27029999999999998E+01   0.21999999999999999E-01   0.00000000000000000E+00   0.00000000000000000E+00   0.36535737827834694E+02
PPE2         8   0.30000000000000000E+03  -0.99000000000000000E+02  -0.14232384505566582E+01  -0.23119999999999998E+01   0.29999999999999999E-01   0.00000000000000000E+00   0.00000000000000000E+00   0.29625384981444721E+02
PPE2         8   0.35000000000000000E+03  -0.99000000000000000E+02  -0.96451217494424213E+00  -0.17300000000000000E+01   0.39000000000000000E-01   0.00000000000000000E+00   0.00000000000000000E+00   0.19627892950147636E+02
PP3F2        9   0.10000000000000000E+01  -0.99000000000000000E+02   0.95141999282393411E-05   0.00000000000000000E+00   0.50000000000000001E-03   0.00000000000000000E+00   0.00000000000000000E+00   0.19028399856478681E-01
PP3F2        9   0.50000000000000000E+01  -0.99000000000000000E+02   0.19957150628971050E-02   0.20000000000000000E-02   0.50000000000000001E-03   0.00000000000000000E+00   0.00000000000000000E+00  -0.85698742057901608E-02
PP3F2        9   0.10000000000000000E+02  -0.99000000000000000E+02   0.13688928766034008E-01   0.12999999999999999E-01   0.50000000000000001E-03   0.00000000000000000E+00   0.00000000000000000E+00   0.13778575320680178E+01
PP3F2        9   0.25000000000000000E+02  -0.99000000000000000E+02   0.10802630403271699E+00   0.10500000000000000E+00   0.50000000000000001E-03   0.00000000000000000E+00   0.00000000000000000E+00   0.60526080654339784E+01
PP3F2        9   0.50000000000000000E+02  -0.99000000000000000E+02   0.35869411368769710E+00   0.34100000000000003E+00   0.10000000000000000E-02   0.00000000000000000E+00   0.00000000000000000E+00   0.17694113687697076E+02
PP3F2        9   0.10000000000000000E+03  -0.99000000000000000E+02   0.94450811537732826E+00   0.83199999999999996E+00   0.80000000000000002E-02   0.00000000000000000E+00   0.00000000000000000E+00   0.14063514422166037E+02
PP3F2        9   0.15000000000000000E+03  -0.99000000000000000E+02   0.15261750300274235E+01   0.11919999999999999E+01   0.17000000000000001E-01   0.00000000000000000E+00   0.00000000000000000E+00   0.19657354707495500E+02
PP3F2        9   0.20000000000000000E+03  -0.99000000000000000E+02   0.19736683419807457E+01   0.13270000000000000E+01   0.21999999999999999E-01   0.00000000000000000E+00   0.00000000000000000E+00   0.29394015544579354E+02
PP3F2        9   0.25000000000000000E+03  -0.99000000000000000E+02   0.21577894239715056E+01   0.12230000000000001E+01   0.27000000000000000E-01   0.00000000000000000E+00   0.00000000000000000E+00   0.34621830517463167E+02
PP3F2        9   0.30000000000000000E+03  -0.99000000000000000E+02   0.20263380451415474E+01   0.92100000000000004E+00   0.39000000000000000E-01   0.00000000000000000E+00   0.00000000000000000E+00   0.28342001157475572E+02
PP3F2        9   0.35000000000000000E+03  -0.99000000000000000E+02   0.16377358876619612E+01   0.46100000000000002E+00   0.55000000000000000E-01   0.00000000000000000E+00   0.00000000000000000E+00   0.21395197957490204E+02
PP3F4       10   0.10000000000000000E+01  -0.99000000000000000E+02   0.20034806262167962E-06   0.00000000000000000E+00   0.50000000000000001E-03   0.00000000000000000E+00   0.00000000000000000E+00   0.40069612524335922E-03
PP3F4       10   0.50000000000000000E+01  -0.99000000000000000E+02   0.12260481139876324E-03   0.00000000000000000E+00   0.50000000000000001E-03   0.00000000000000000E+00   0.00000000000000000E+00   0.24520962279752648E+00
PP3F4       10   0.10000000000000000E+02  -0.99000000000000000E+02   0.13785248203361635E-02   0.10000000000000000E-02   0.50000000000000001E-03   0.00000000000000000E+00   0.00000000000000000E+00   0.75704964067232694E+00
PP3F4       10   0.25000000000000000E+02  -0.99000000000000000E+02   0.20646745608884187E-01   0.19000000000000000E-01   0.50000000000000001E-03   0.00000000000000000E+00   0.00000000000000000E+00   0.32934912177683753E+01
PP3F4       10   0.50000000000000000E+02  -0.99000000000000000E+02   0.11039311186003858E+00   0.10199999999999999E+00   0.10000000000000000E-02   0.00000000000000000E+00   0.00000000000000000E+00   0.83931118600385908E+01
PP3F4       10   0.10000000000000000E+03  -0.99000000000000000E+02   0.44742332596035539E+00   0.46100000000000002E+00   0.50000000000000001E-02   0.00000000000000000E+00   0.00000000000000000E+00  -0.27153348079289263E+01
PP3F4       10   0.15000000000000000E+03  -0.99000000000000000E+02   0.87556984487780731E+00   0.10129999999999999E+01   0.89999999999999993E-02   0.00000000000000000E+00   0.00000000000000000E+00  -0.15270017235799177E+02
PP3F4       10   0.20000000000000000E+03  -0.99000000000000000E+02   0.12535997117277504E+01   0.16339999999999999E+01   0.16000000000000000E-01   0.00000000000000000E+00   0.00000000000000000E+00  -0.23775018017015590E+02
PP3F4       10   0.25000000000000000E+03  -0.99000000000000000E+02   0.14591200090097440E+01   0.22000000000000002E+01   0.21999999999999999E-01   0.00000000000000000E+00   0.00000000000000000E+00  -0.33676363226829828E+02
PP3F4       10   0.30000000000000000E+03  -0.99000000000000000E+02   0.14301862059850998E+01   0.26440000000000001E+01   0.27000000000000000E-01   0.00000000000000000E+00   0.00000000000000000E+00  -0.44956066444996310E+02
PP3F4       10   0.35000000000000000E+03  -0.99000000000000000E+02   0.11924635075842496E+01   0.29700000000000002E+01   0.42000000000000003E-01   0.00000000000000000E+00   0.00000000000000000E+00  -0.42322297438470251E+02
PPE4        11   0.10000000000000000E+01  -0.99000000000000000E+02  -0.47146201657483840E-06   0.00000000000000000E+00   0.50000000000000001E-03   0.00000000000000000E+00   0.00000000000000000E+00  -0.94292403314967684E-03
PPE4        11   0.50000000000000000E+01  -0.99000000000000000E+02  -0.38086434512129603E-03   0.00000000000000000E+00   0.50000000000000001E-03   0.00000000000000000E+00   0.00000000000000000E+00  -0.76172869024259204E+00
PPE4        11   0.10000000000000000E+02  -0.99000000000000000E+02  -0.40867896938839307E-02  -0.40000000000000001E-02   0.50000000000000001E-03   0.00000000000000000E+00   0.00000000000000000E+00  -0.17357938776786130E+00
PPE4        11   0.25000000000000000E+02  -0.99000000000000000E+02  -0.49094323989416301E-01  -0.49000000000000002E-01   0.50000000000000001E-03   0.00000000000000000E+00   0.00000000000000000E+00  -0.18864797883259843E+00
PPE4        11   0.50000000000000000E+02  -0.99000000000000000E+02  -0.19490253797565335E+00  -0.19700000000000001E+00   0.50000000000000001E-03   0.00000000000000000E+00   0.00000000000000000E+00   0.41949240486933155E+01
PPE4        11   0.10000000000000000E+03  -0.99000000000000000E+02  -0.52207812016453370E+00  -0.55400000000000005E+00   0.10000000000000000E-02   0.00000000000000000E+00   0.00000000000000000E+00   0.31921879835466349E+02
PPE4        11   0.15000000000000000E+03  -0.99000000000000000E+02  -0.76384846180676735E+00  -0.87700000000000000E+00   0.30000000000000001E-02   0.00000000000000000E+00   0.00000000000000000E+00   0.37717179397744218E+02
PPE4        11   0.20000000000000000E+03  -0.99000000000000000E+02  -0.87357390153200032E+00  -0.11290000000000000E+01   0.50000000000000001E-02   0.00000000000000000E+00   0.00000000000000000E+00   0.51085219693599939E+02
PPE4        11   0.25000000000000000E+03  -0.99000000000000000E+02  -0.84619930808957822E+00  -0.13080000000000001E+01   0.60000000000000001E-02   0.00000000000000000E+00   0.00000000000000000E+00   0.76966781985070298E+02
PPE4        11   0.30000000000000000E+03  -0.99000000000000000E+02  -0.70986997939365215E+00  -0.14339999999999999E+01   0.70000000000000001E-02   0.00000000000000000E+00   0.00000000000000000E+00   0.10344714580090682E+03
PPE4        11   0.35000000000000000E+03  -0.99000000000000000E+02  -0.51717120660974292E+00  -0.15409999999999999E+01   0.10000000000000000E-01   0.00000000000000000E+00   0.00000000000000000E+00   0.10238287933902569E+03
PP3H4       12   0.10000000000000000E+01  -0.99000000000000000E+02   0.23377425577367318E-08   0.00000000000000000E+00   0.50000000000000001E-03   0.00000000000000000E+00   0.00000000000000000E+00   0.46754851154734633E-05
PP3H4       12   0.50000000000000000E+01  -0.99000000000000000E+02   0.86147131572529639E-05   0.00000000000000000E+00   0.50000000000000001E-03   0.00000000000000000E+00   0.00000000000000000E+00   0.17229426314505927E-01
PP3H4       12   0.10000000000000000E+02  -0.99000000000000000E+02   0.16872349527824489E-03   0.00000000000000000E+00   0.50000000000000001E-03   0.00000000000000000E+00   0.00000000000000000E+00   0.33744699055648980E+00
PP3H4       12   0.25000000000000000E+02  -0.99000000000000000E+02   0.41359892439019183E-02   0.40000000000000001E-02   0.50000000000000001E-03   0.00000000000000000E+00   0.00000000000000000E+00   0.27197848780383638E+00
PP3H4       12   0.50000000000000000E+02  -0.99000000000000000E+02   0.26365340558363693E-01   0.25999999999999999E-01   0.50000000000000001E-03   0.00000000000000000E+00   0.00000000000000000E+00   0.73068111672738856E+00
PP3H4       12   0.10000000000000000E+03  -0.99000000000000000E+02   0.10872194471439270E+00   0.11000000000000000E+00   0.50000000000000001E-03   0.00000000000000000E+00   0.00000000000000000E+00  -0.25561105712146035E+01
PP3H4       12   0.15000000000000000E+03  -0.99000000000000000E+02   0.20501665759623278E+00   0.22000000000000000E+00   0.20000000000000000E-02   0.00000000000000000E+00   0.00000000000000000E+00  -0.74916712018836122E+01
PP3H4       12   0.20000000000000000E+03  -0.99000000000000000E+02   0.28546900911962031E+00   0.34100000000000003E+00   0.60000000000000001E-02   0.00000000000000000E+00   0.00000000000000000E+00  -0.92551651467299525E+01
PP3H4       12   0.25000000000000000E+03  -0.99000000000000000E+02   0.32831861417846764E+00   0.46400000000000002E+00   0.12000000000000000E-01   0.00000000000000000E+00   0.00000000000000000E+00  -0.11306782151794366E+02
PP3H4       12   0.30000000000000000E+03  -0.99000000000000000E+02   0.32215669934064933E+00   0.57199999999999995E+00   0.19000000000000000E-01   0.00000000000000000E+00   0.00000000000000000E+00  -0.13149647403123717E+02
PP3H4       12   0.35000000000000000E+03  -0.99000000000000000E+02   0.27110259291585848E+00   0.65000000000000002E+00   0.25999999999999999E-01   0.00000000000000000E+00   0.00000000000000000E+00  -0.14572977195543906E+02
NP1S0       13   0.10000000000000000E+01  -0.99000000000000000E+02   0.62158549438952853E+02   0.62076999999999998E+02   0.17999999999999999E-01   0.00000000000000000E+00   0.00000000000000000E+00   0.45305243862697377E+01
NP1S0       13   0.50000000000000000E+01  -0.99000000000000000E+02   0.63201198879354941E+02   0.63659999999999997E+02   0.43999999999999997E-01   0.00000000000000000E+00   0.00000000000000000E+00  -0.10427298196478546E+02
NP1S0       13   0.10000000000000000E+02  -0.99000000000000000E+02   0.59229831401251296E+02   0.60020000000000003E+02   0.63000000000000000E-01   0.00000000000000000E+00   0.00000000000000000E+00  -0.12542358710296938E+02
NP1S0       13   0.25000000000000000E+02  -0.99000000000000000E+02   0.49666829292298885E+02   0.51070999999999998E+02   0.99000000000000005E-01   0.00000000000000000E+00   0.00000000000000000E+00  -0.14183542502031440E+02
NP1S0       13   0.50000000000000000E+02  -0.99000000000000000E+02   0.38923455900440104E+02   0.40884999999999998E+02   0.14699999999999999E+00   0.00000000000000000E+00   0.00000000000000000E+00  -0.13343837411972073E+02
NP1S0       13   0.10000000000000000E+03  -0.99000000000000000E+02   0.25580133579919256E+02   0.27210000000000001E+02   0.23000000000000001E+00   0.00000000000000000E+00   0.00000000000000000E+00  -0.70863757394815003E+01
NP1S0       13   0.15000000000000000E+03  -0.99000000000000000E+02   0.18080792327673279E+02   0.17100000000000001E+02   0.26600000000000001E+00   0.00000000000000000E+00   0.00000000000000000E+00   0.36871892017792400E+01
NP1S0       13   0.20000000000000000E+03  -0.99000000000000000E+02   0.14716393951868943E+02   0.88300000000000001E+01   0.26700000000000002E+00   0.00000000000000000E+00   0.00000000000000000E+00   0.22046419295389299E+02
NP1S0       13   0.25000000000000000E+03  -0.99000000000000000E+02   0.14073167006446866E+02   0.19710000000000001E+01   0.28100000000000003E+00   0.00000000000000000E+00   0.00000000000000000E+00   0.43068209987355388E+02
NP1S0       13   0.30000000000000000E+03  -0.99000000000000000E+02   0.14028993799231772E+02  -0.36179999999999999E+01   0.34399999999999997E+00   0.00000000000000000E+00   0.00000000000000000E+00   0.51299400579162132E+02
NP1S0       13   0.35000000000000000E+03  -0.99000000000000000E+02   0.12838488871459143E+02  -0.80440000000000005E+01   0.45300000000000001E+00   0.00000000000000000E+00   0.00000000000000000E+00   0.46098209429269637E+02
NP1D2       14   0.10000000000000000E+01  -0.99000000000000000E+02   0.11510929977479264E-02   0.10000000000000000E-02   0.50000000000000001E-03   0.00000000000000000E+00   0.00000000000000000E+00   0.30218599549585279E+00
NP1D2       14   0.50000000000000000E+01  -0.99000000000000000E+02   0.42952957808166055E-01   0.41000000000000002E-01   0.50000000000000001E-03   0.00000000000000000E+00   0.00000000000000000E+00   0.39059156163321060E+01
NP1D2       14   0.10000000000000000E+02  -0.99000000000000000E+02   0.16376964276476674E+00   0.15500000000000000E+00   0.50000000000000001E-03   0.00000000000000000E+00   0.00000000000000000E+00   0.17539285529533487E+02
NP1D2       14   0.25000000000000000E+02  -0.99000000000000000E+02   0.73276401332571273E+00   0.67400000000000004E+00   0.10000000000000000E-02   0.00000000000000000E+00   0.00000000000000000E+00   0.58764013325712682E+02
NP1D2       14   0.50000000000000000E+02  -0.99000000000000000E+02   0.19520231198371785E+01   0.17020000000000000E+01   0.40000000000000001E-02   0.00000000000000000E+00   0.00000000000000000E+00   0.62505779959294628E+02
NP1D2       14   0.10000000000000000E+03  -0.99000000000000000E+02   0.48042185501717452E+01   0.37749999999999999E+01   0.80000000000000002E-02   0.00000000000000000E+00   0.00000000000000000E+00   0.12865231877146815E+03
NP1D2       14   0.15000000000000000E+03  -0.99000000000000000E+02   0.74286927845044497E+01   0.55709999999999997E+01   0.14000000000000000E-01   0.00000000000000000E+00   0.00000000000000000E+00   0.13269234175031787E+03
NP1D2       14   0.20000000000000000E+03  -0.99000000000000000E+02   0.89945286049125031E+01   0.71059999999999999E+01   0.21999999999999999E-01   0.00000000000000000E+00   0.00000000000000000E+00   0.85842209314204695E+02
NP1D2       14   0.25000000000000000E+03  -0.99000000000000000E+02   0.91363337684114931E+01   0.84239999999999995E+01   0.24000000000000000E-01   0.00000000000000000E+00   0.00000000000000000E+00   0.29680573683812234E+02
NP1D2       14   0.30000000000000000E+03  -0.99000000000000000E+02   0.80178877698026625E+01   0.94320000000000004E+01   0.32000000000000001E-01   0.00000000000000000E+00   0.00000000000000000E+00  -0.44191007193666806E+02
NP1D2       14   0.35000000000000000E+03  -0.99000000000000000E+02   0.61357710086464925E+01   0.99939999999999998E+01   0.53999999999999999E-01   0.00000000000000000E+00   0.00000000000000000E+00  -0.71448685025064947E+02
NP1G4       15   0.10000000000000000E+01  -0.99000000000000000E+02   0.35064675035613431E-06   0.00000000000000000E+00   0.50000000000000001E-03   0.00000000000000000E+00   0.00000000000000000E+00   0.70129350071226860E-03
NP1G4       15   0.50000000000000000E+01  -0.99000000000000000E+02   0.23918192735303389E-03   0.00000000000000000E+00   0.50000000000000001E-03   0.00000000000000000E+00   0.00000000000000000E+00   0.47836385470606779E+00
NP1G4       15   0.10000000000000000E+02  -0.99000000000000000E+02   0.26007507373785599E-02   0.20000000000000000E-02   0.50000000000000001E-03   0.00000000000000000E+00   0.00000000000000000E+00   0.12015014747571198E+01
NP1G4       15   0.25000000000000000E+02  -0.99000000000000000E+02   0.32842628578106763E-01   0.32000000000000001E-01   0.50000000000000001E-03   0.00000000000000000E+00   0.00000000000000000E+00   0.16852571562135237E+01
NP1G4       15   0.50000000000000000E+02  -0.99000000000000000E+02   0.13618212317617820E+00   0.13200000000000001E+00   0.10000000000000000E-02   0.00000000000000000E+00   0.00000000000000000E+00   0.41821231761781927E+01
NP1G4       15   0.10000000000000000E+03  -0.99000000000000000E+02   0.39602711320790684E+00   0.37000000000000000E+00   0.89999999999999993E-02   0.00000000000000000E+00   0.00000000000000000E+00   0.28919014675452055E+01
NP1G4       15   0.15000000000000000E+03  -0.99000000000000000E+02   0.64637387300213456E+00   0.60599999999999998E+00   0.29999999999999999E-01   0.00000000000000000E+00   0.00000000000000000E+00   0.13457957667378193E+01
NP1G4       15   0.20000000000000000E+03  -0.99000000000000000E+02   0.83923054710918865E+00   0.84899999999999998E+00   0.58999999999999997E-01   0.00000000000000000E+00   0.00000000000000000E+00  -0.16558394730188689E+00
NP1G4       15   0.25000000000000000E+03  -0.99000000000000000E+02   0.92821730376745271E+00   0.11190000000000000E+01   0.81000000000000003E-01   0.00000000000000000E+00   0.00000000000000000E+00  -0.23553419287968800E+01
NP1G4       15   0.30000000000000000E+03  -0.99000000000000000E+02   0.88702578770792118E+00   0.14379999999999999E+01   0.85000000000000006E-01   0.00000000000000000E+00   0.00000000000000000E+00  -0.64820495563773965E+01
NP1G4       15   0.35000000000000000E+03  -0.99000000000000000E+02   0.73086250172674883E+00   0.18290000000000000E+01   0.83000000000000004E-01   0.00000000000000000E+00   0.00000000000000000E+00  -0.13230572268352422E+02
NP3P0       16   0.10000000000000000E+01  -0.99000000000000000E+02   0.19698945923767058E+00   0.18099999999999999E+00   0.50000000000000001E-03   0.00000000000000000E+00   0.00000000000000000E+00   0.31978918475341178E+02
NP3P0       16   0.50000000000000000E+01  -0.99000000000000000E+02   0.18273765716380148E+01   0.16570000000000000E+01   0.30000000000000001E-02   0.00000000000000000E+00   0.00000000000000000E+00   0.56792190546004925E+02
NP3P0       16   0.10000000000000000E+02  -0.99000000000000000E+02   0.42065186245021984E+01   0.37540000000000000E+01   0.80000000000000002E-02   0.00000000000000000E+00   0.00000000000000000E+00   0.56564828062774794E+02
NP3P0       16   0.25000000000000000E+02  -0.99000000000000000E+02   0.98466696163808294E+01   0.84789999999999992E+01   0.21000000000000001E-01   0.00000000000000000E+00   0.00000000000000000E+00   0.65127124589563337E+02
NP3P0       16   0.50000000000000000E+02  -0.99000000000000000E+02   0.13461745014007580E+02   0.11300000000000001E+02   0.33000000000000002E-01   0.00000000000000000E+00   0.00000000000000000E+00   0.65507424666896327E+02
NP3P0       16   0.10000000000000000E+03  -0.99000000000000000E+02   0.10111434399707010E+02   0.91400000000000006E+01   0.57000000000000002E-01   0.00000000000000000E+00   0.00000000000000000E+00   0.17042708766789634E+02
NP3P0       16   0.15000000000000000E+03  -0.99000000000000000E+02   0.18183707556117790E+01   0.43360000000000003E+01   0.66000000000000003E-01   0.00000000000000000E+00   0.00000000000000000E+00  -0.38145897642245771E+02
NP3P0       16   0.20000000000000000E+03  -0.99000000000000000E+02  -0.79437747516886441E+01  -0.79600000000000004E+00   0.62000000000000000E-01   0.00000000000000000E+00   0.00000000000000000E+00  -0.11528668954336523E+03
NP3P0       16   0.25000000000000000E+03  -0.99000000000000000E+02  -0.17677551948765714E+02  -0.57489999999999997E+01   0.64000000000000001E-01   0.00000000000000000E+00   0.00000000000000000E+00  -0.18638362419946429E+03
NP3P0       16   0.30000000000000000E+03  -0.99000000000000000E+02  -0.26012661675654485E+02  -0.10324999999999999E+02   0.90999999999999998E-01   0.00000000000000000E+00   0.00000000000000000E+00  -0.17239188654565370E+03
NP3P0       16   0.35000000000000000E+03  -0.99000000000000000E+02  -0.31102518414421759E+02  -0.14349000000000000E+02   0.14499999999999999E+00   0.00000000000000000E+00   0.00000000000000000E+00  -0.11554150630635696E+03
NP3P1       17   0.10000000000000000E+01  -0.99000000000000000E+02  -0.10055634002845226E+00  -0.10700000000000000E+00   0.50000000000000001E-03   0.00000000000000000E+00   0.00000000000000000E+00   0.12887319943095470E+02
NP3P1       17   0.50000000000000000E+01  -0.99000000000000000E+02  -0.85658400225618436E+00  -0.93300000000000005E+00   0.10000000000000000E-02   0.00000000000000000E+00   0.00000000000000000E+00   0.76415997743815694E+02
NP3P1       17   0.10000000000000000E+02  -0.99000000000000000E+02  -0.18549149441984305E+01  -0.20569999999999999E+01   0.20000000000000000E-02   0.00000000000000000E+00   0.00000000000000000E+00   0.10104252790078472E+03
NP3P1       17   0.25000000000000000E+02  -0.99000000000000000E+02  -0.42304443479549905E+01  -0.48769999999999998E+01   0.60000000000000001E-02   0.00000000000000000E+00   0.00000000000000000E+00   0.10775927534083489E+03
NP3P1       17   0.50000000000000000E+02  -0.99000000000000000E+02  -0.70455288306175818E+01  -0.83179999999999996E+01   0.12999999999999999E-01   0.00000000000000000E+00   0.00000000000000000E+00   0.97882397644801372E+02
NP3P1       17   0.10000000000000000E+03  -0.99000000000000000E+02  -0.12304038734377031E+02  -0.13571000000000000E+02   0.19000000000000000E-01   0.00000000000000000E+00   0.00000000000000000E+00   0.66682171874893115E+02
NP3P1       17   0.15000000000000000E+03  -0.99000000000000000E+02  -0.18728261821587793E+02  -0.18033999999999999E+02   0.25000000000000001E-01   0.00000000000000000E+00   0.00000000000000000E+00  -0.27770472863511770E+02
NP3P1       17   0.20000000000000000E+03  -0.99000000000000000E+02  -0.26181390809108940E+02  -0.21957999999999998E+02   0.36999999999999998E-01   0.00000000000000000E+00   0.00000000000000000E+00  -0.11414569754348491E+03
NP3P1       17   0.25000000000000000E+03  -0.99000000000000000E+02  -0.33841843724305150E+02  -0.25375000000000000E+02   0.50999999999999997E-01   0.00000000000000000E+00   0.00000000000000000E+00  -0.16601654361382649E+03
NP3P1       17   0.30000000000000000E+03  -0.99000000000000000E+02  -0.40394987559142272E+02  -0.28308000000000000E+02   0.65000000000000002E-01   0.00000000000000000E+00   0.00000000000000000E+00  -0.18595365475603495E+03
NP3P1       17   0.35000000000000000E+03  -0.99000000000000000E+02  -0.43737493242361538E+02  -0.30747000000000000E+02   0.75999999999999998E-01   0.00000000000000000E+00   0.00000000000000000E+00  -0.17092754266265183E+03
NP3F3       18   0.10000000000000000E+01  -0.99000000000000000E+02  -0.25468994050540623E-04   0.00000000000000000E+00   0.50000000000000001E-03   0.00000000000000000E+00   0.00000000000000000E+00  -0.50937988101081244E-01
NP3F3       18   0.50000000000000000E+01  -0.99000000000000000E+02  -0.41111160643974845E-02  -0.40000000000000001E-02   0.50000000000000001E-03   0.00000000000000000E+00   0.00000000000000000E+00  -0.22223212879496876E+00
NP3F3       18   0.10000000000000000E+02  -0.99000000000000000E+02  -0.26643262312089695E-01  -0.25999999999999999E-01   0.50000000000000001E-03   0.00000000000000000E+00   0.00000000000000000E+00  -0.12865246241793928E+01
NP3F3       18   0.25000000000000000E+02  -0.99000000000000000E+02  -0.19694265314155576E+00  -0.19800000000000001E+00   0.50000000000000001E-03   0.00000000000000000E+00   0.00000000000000000E+00   0.21146937168884938E+01
NP3F3       18   0.50000000000000000E+02  -0.99000000000000000E+02  -0.60054553931090215E+00  -0.61099999999999999E+00   0.20000000000000000E-02   0.00000000000000000E+00   0.00000000000000000E+00   0.52272303445489161E+01
NP3F3       18   0.10000000000000000E+03  -0.99000000000000000E+02  -0.12706150386796733E+01  -0.13810000000000000E+01   0.89999999999999993E-02   0.00000000000000000E+00   0.00000000000000000E+00   0.12264995702258524E+02
NP3F3       18   0.15000000000000000E+03  -0.99000000000000000E+02  -0.15721409874274201E+01  -0.20040000000000000E+01   0.20000000000000000E-01   0.00000000000000000E+00   0.00000000000000000E+00   0.21592950628628991E+02
NP3F3       18   0.20000000000000000E+03  -0.99000000000000000E+02  -0.15264498664332811E+01  -0.25089999999999999E+01   0.33000000000000002E-01   0.00000000000000000E+00   0.00000000000000000E+00   0.29774246471718751E+02
NP3F3       18   0.25000000000000000E+03  -0.99000000000000000E+02  -0.12319114573467214E+01  -0.27810000000000001E+01   0.45999999999999999E-01   0.00000000000000000E+00   0.00000000000000000E+00   0.33675837883766931E+02
NP3F3       18   0.30000000000000000E+03  -0.99000000000000000E+02  -0.82857994798086121E+00  -0.26490000000000000E+01   0.53999999999999999E-01   0.00000000000000000E+00   0.00000000000000000E+00   0.33711482444798868E+02
NP3F3       18   0.35000000000000000E+03  -0.99000000000000000E+02  -0.45367009792588414E+00  -0.20400000000000000E+01   0.69000000000000006E-01   0.00000000000000000E+00   0.00000000000000000E+00   0.22990288435856751E+02
NP3P2       19   0.10000000000000000E+01  -0.99000000000000000E+02   0.27968340762745285E-01   0.21999999999999999E-01   0.50000000000000001E-03   0.00000000000000000E+00   0.00000000000000000E+00   0.11936681525490572E+02
NP3P2       19   0.50000000000000000E+01  -0.99000000000000000E+02   0.31800924443941375E+00   0.25800000000000001E+00   0.10000000000000000E-02   0.00000000000000000E+00   0.00000000000000000E+00   0.60009244439413742E+02
NP3P2       19   0.10000000000000000E+02  -0.99000000000000000E+02   0.88978879954736245E+00   0.72699999999999998E+00   0.20000000000000000E-02   0.00000000000000000E+00   0.00000000000000000E+00   0.81394399773681229E+02
NP3P2       19   0.25000000000000000E+02  -0.99000000000000000E+02   0.31813841310471571E+01   0.26269999999999998E+01   0.50000000000000001E-02   0.00000000000000000E+00   0.00000000000000000E+00   0.11087682620943147E+03
NP3P2       19   0.50000000000000000E+02  -0.99000000000000000E+02   0.71642423105671771E+01   0.60110000000000001E+01   0.89999999999999993E-02   0.00000000000000000E+00   0.00000000000000000E+00   0.12813803450746411E+03
NP3P2       19   0.10000000000000000E+03  -0.99000000000000000E+02   0.12133890133464480E+02   0.11061999999999999E+02   0.17999999999999999E-01   0.00000000000000000E+00   0.00000000000000000E+00   0.59549451859137790E+02
NP3P2       19   0.15000000000000000E+03  -0.99000000000000000E+02   0.12912374416858677E+02   0.14004000000000000E+02   0.20000000000000000E-01   0.00000000000000000E+00   0.00000000000000000E+00  -0.54581279157066120E+02
NP3P2       19   0.20000000000000000E+03  -0.99000000000000000E+02   0.11044328697241628E+02   0.15696999999999999E+02   0.25999999999999999E-01   0.00000000000000000E+00   0.00000000000000000E+00  -0.17894889625993736E+03
NP3P2       19   0.25000000000000000E+03  -0.99000000000000000E+02   0.79263134681164464E+01   0.16542000000000002E+02   0.32000000000000001E-01   0.00000000000000000E+00   0.00000000000000000E+00  -0.26924020412136105E+03
NP3P2       19   0.30000000000000000E+03  -0.99000000000000000E+02   0.46166305488940891E+01   0.16696999999999999E+02   0.33000000000000002E-01   0.00000000000000000E+00   0.00000000000000000E+00  -0.36607180154866387E+03
NP3P2       19   0.35000000000000000E+03  -0.99000000000000000E+02   0.18920124828172551E+01   0.16280000000000001E+02   0.29999999999999999E-01   0.00000000000000000E+00   0.00000000000000000E+00  -0.47959958390609154E+03
NPE2        20   0.10000000000000000E+01  -0.99000000000000000E+02  -0.13121333311455884E-02  -0.10000000000000000E-02   0.50000000000000001E-03   0.00000000000000000E+00   0.00000000000000000E+00  -0.62426666229117678E+00
NPE2        20   0.50000000000000000E+01  -0.99000000000000000E+02  -0.48873211282390007E-01  -0.48000000000000001E-01   0.50000000000000001E-03   0.00000000000000000E+00   0.00000000000000000E+00  -0.17464225647800118E+01
NPE2        20   0.10000000000000000E+02  -0.99000000000000000E+02  -0.18376216920678379E+00  -0.18400000000000000E+00   0.50000000000000001E-03   0.00000000000000000E+00   0.00000000000000000E+00   0.47566158643241874E+00
NPE2        20   0.25000000000000000E+02  -0.99000000000000000E+02  -0.75105137779299802E+00  -0.76300000000000001E+00   0.10000000000000000E-02   0.00000000000000000E+00   0.00000000000000000E+00   0.11948622207001991E+02
NPE2        20   0.50000000000000000E+02  -0.99000000000000000E+02  -0.15959963058225515E+01  -0.16610000000000000E+01   0.40000000000000001E-02   0.00000000000000000E+00   0.00000000000000000E+00   0.16250923544362138E+02
NPE2        20   0.10000000000000000E+03  -0.99000000000000000E+02  -0.24215320958032187E+01  -0.26650000000000000E+01   0.80000000000000002E-02   0.00000000000000000E+00   0.00000000000000000E+00   0.30433488024597665E+02
NPE2        20   0.15000000000000000E+03  -0.99000000000000000E+02  -0.25126857272954406E+01  -0.29820000000000002E+01   0.12000000000000000E-01   0.00000000000000000E+00   0.00000000000000000E+00   0.39109522725379968E+02
NPE2        20   0.20000000000000000E+03  -0.99000000000000000E+02  -0.22589478264730047E+01  -0.29710000000000001E+01   0.17000000000000001E-01   0.00000000000000000E+00   0.00000000000000000E+00   0.41885421972176196E+02
NPE2        20   0.25000000000000000E+03  -0.99000000000000000E+02  -0.18472061954522669E+01  -0.27480000000000002E+01   0.21999999999999999E-01   0.00000000000000000E+00   0.00000000000000000E+00   0.40945172933987877E+02
NPE2        20   0.30000000000000000E+03  -0.99000000000000000E+02  -0.13800525384032010E+01  -0.23279999999999998E+01   0.29999999999999999E-01   0.00000000000000000E+00   0.00000000000000000E+00   0.31598248719893299E+02
NPE2        20   0.35000000000000000E+03  -0.99000000000000000E+02  -0.92961875531057803E+00  -0.17270000000000001E+01   0.40000000000000001E-01   0.00000000000000000E+00   0.00000000000000000E+00   0.19934531117235551E+02
NP3F2       21   0.10000000000000000E+01  -0.99000000000000000E+02   0.94767307346426669E-05   0.00000000000000000E+00   0.50000000000000001E-03   0.00000000000000000E+00   0.00000000000000000E+00   0.18953461469285334E-01
NP3F2       21   0.50000000000000000E+01  -0.99000000000000000E+02   0.16370730485753347E-02   0.20000000000000000E-02   0.50000000000000001E-03   0.00000000000000000E+00   0.00000000000000000E+00  -0.72585390284933071E+00
NP3F2       21   0.10000000000000000E+02  -0.99000000000000000E+02   0.11253349239227824E-01   0.10999999999999999E-01   0.50000000000000001E-03   0.00000000000000000E+00   0.00000000000000000E+00   0.50669847845564997E+00
NP3F2       21   0.25000000000000000E+02  -0.99000000000000000E+02   0.93073860724515567E-01   0.90999999999999998E-01   0.50000000000000001E-03   0.00000000000000000E+00   0.00000000000000000E+00   0.41477214490311383E+01
NP3F2       21   0.50000000000000000E+02  -0.99000000000000000E+02   0.32363555393999544E+00   0.30800000000000000E+00   0.20000000000000000E-02   0.00000000000000000E+00   0.00000000000000000E+00   0.78177769699977198E+01
NP3F2       21   0.10000000000000000E+03  -0.99000000000000000E+02   0.88843398318434608E+00   0.77500000000000002E+00   0.89999999999999993E-02   0.00000000000000000E+00   0.00000000000000000E+00   0.12603775909371786E+02
NP3F2       21   0.15000000000000000E+03  -0.99000000000000000E+02   0.14617897432882292E+01   0.11100000000000001E+01   0.17000000000000001E-01   0.00000000000000000E+00   0.00000000000000000E+00   0.20693514311072299E+02
NP3F2       21   0.20000000000000000E+03  -0.99000000000000000E+02   0.19065639431923835E+01   0.12120000000000000E+01   0.21999999999999999E-01   0.00000000000000000E+00   0.00000000000000000E+00   0.31571088326926528E+02
NP3F2       21   0.25000000000000000E+03  -0.99000000000000000E+02   0.20920200243417870E+01   0.10740000000000001E+01   0.28000000000000001E-01   0.00000000000000000E+00   0.00000000000000000E+00   0.36357858012206677E+02
NP3F2       21   0.30000000000000000E+03  -0.99000000000000000E+02   0.19659000260591823E+01   0.74399999999999999E+00   0.40000000000000001E-01   0.00000000000000000E+00   0.00000000000000000E+00   0.30547500651479560E+02
NP3F2       21   0.35000000000000000E+03  -0.99000000000000000E+02   0.15865690523577451E+01   0.26000000000000001E+00   0.56000000000000001E-01   0.00000000000000000E+00   0.00000000000000000E+00   0.23688733077816877E+02
NP3F4       22   0.10000000000000000E+01  -0.99000000000000000E+02   0.22635189293586613E-06   0.00000000000000000E+00   0.50000000000000001E-03   0.00000000000000000E+00   0.00000000000000000E+00   0.45270378587173226E-03
NP3F4       22   0.50000000000000000E+01  -0.99000000000000000E+02   0.10028488448920837E-03   0.00000000000000000E+00   0.50000000000000001E-03   0.00000000000000000E+00   0.00000000000000000E+00   0.20056976897841675E+00
NP3F4       22   0.10000000000000000E+02  -0.99000000000000000E+02   0.11192241696056113E-02   0.10000000000000000E-02   0.50000000000000001E-03   0.00000000000000000E+00   0.00000000000000000E+00   0.23844833921122252E+00
NP3F4       22   0.25000000000000000E+02  -0.99000000000000000E+02   0.17658131953517706E-01   0.16000000000000000E-01   0.50000000000000001E-03   0.00000000000000000E+00   0.00000000000000000E+00   0.33162639070354119E+01
NP3F4       22   0.50000000000000000E+02  -0.99000000000000000E+02   0.99591842902134270E-01   0.91999999999999998E-01   0.10000000000000000E-02   0.00000000000000000E+00   0.00000000000000000E+00   0.75918429021342710E+01
NP3F4       22   0.10000000000000000E+03  -0.99000000000000000E+02   0.42268807704391770E+00   0.43700000000000000E+00   0.50000000000000001E-02   0.00000000000000000E+00   0.00000000000000000E+00  -0.28623845912164603E+01
NP3F4       22   0.15000000000000000E+03  -0.99000000000000000E+02   0.84306058801996886E+00   0.97099999999999997E+00   0.10000000000000000E-01   0.00000000000000000E+00   0.00000000000000000E+00  -0.12793941198003111E+02
NP3F4       22   0.20000000000000000E+03  -0.99000000000000000E+02   0.12177913526660749E+01   0.15629999999999999E+01   0.16000000000000000E-01   0.00000000000000000E+00   0.00000000000000000E+00  -0.21575540458370316E+02
NP3F4       22   0.25000000000000000E+03  -0.99000000000000000E+02   0.14227581761853028E+01   0.20960000000000001E+01   0.21999999999999999E-01   0.00000000000000000E+00   0.00000000000000000E+00  -0.30601901082486243E+02
NP3F4       22   0.30000000000000000E+03  -0.99000000000000000E+02   0.13953895635184412E+01   0.25129999999999999E+01   0.27000000000000000E-01   0.00000000000000000E+00   0.00000000000000000E+00  -0.41392979128946621E+02
NP3F4       22   0.35000000000000000E+03  -0.99000000000000000E+02   0.11615600286317367E+01   0.28220000000000001E+01   0.42999999999999997E-01   0.00000000000000000E+00   0.00000000000000000E+00  -0.38614883055075893E+02
NPE4        23   0.10000000000000000E+01  -0.99000000000000000E+02  -0.39305211726347319E-06   0.00000000000000000E+00   0.50000000000000001E-03   0.00000000000000000E+00   0.00000000000000000E+00  -0.78610423452694640E-03
NPE4        23   0.50000000000000000E+01  -0.99000000000000000E+02  -0.27231688949590200E-03   0.00000000000000000E+00   0.50000000000000001E-03   0.00000000000000000E+00   0.00000000000000000E+00  -0.54463377899180399E+00
NPE4        23   0.10000000000000000E+02  -0.99000000000000000E+02  -0.30098002601956228E-02  -0.30000000000000001E-02   0.50000000000000001E-03   0.00000000000000000E+00   0.00000000000000000E+00  -0.19600520391245546E-01
NPE4        23   0.25000000000000000E+02  -0.99000000000000000E+02  -0.39322081057799316E-01  -0.39000000000000000E-01   0.50000000000000001E-03   0.00000000000000000E+00   0.00000000000000000E+00  -0.64416211559863157E+00
NPE4        23   0.50000000000000000E+02  -0.99000000000000000E+02  -0.16698975862123386E+00  -0.17000000000000001E+00   0.50000000000000001E-03   0.00000000000000000E+00   0.00000000000000000E+00   0.60204827575323083E+01
NPE4        23   0.10000000000000000E+03  -0.99000000000000000E+02  -0.47266823528800017E+00  -0.50600000000000001E+00   0.10000000000000000E-02   0.00000000000000000E+00   0.00000000000000000E+00   0.33331764711999831E+02
NPE4        23   0.15000000000000000E+03  -0.99000000000000000E+02  -0.70852491948297647E+00  -0.82899999999999996E+00   0.30000000000000001E-02   0.00000000000000000E+00   0.00000000000000000E+00   0.40158360172341162E+02
NPE4        23   0.20000000000000000E+03  -0.99000000000000000E+02  -0.82092790829016671E+00  -0.10950000000000000E+01   0.50000000000000001E-02   0.00000000000000000E+00   0.00000000000000000E+00   0.54814418341966650E+02
NPE4        23   0.25000000000000000E+03  -0.99000000000000000E+02  -0.80100634998947728E+00  -0.12949999999999999E+01   0.60000000000000001E-02   0.00000000000000000E+00   0.00000000000000000E+00   0.82332275001753771E+02
NPE4        23   0.30000000000000000E+03  -0.99000000000000000E+02  -0.67440004051775693E+00  -0.14440000000000000E+01   0.70000000000000001E-02   0.00000000000000000E+00   0.00000000000000000E+00   0.10994285135460615E+03
NPE4        23   0.35000000000000000E+03  -0.99000000000000000E+02  -0.49177102618561086E+00  -0.15710000000000000E+01   0.10000000000000000E-01   0.00000000000000000E+00   0.00000000000000000E+00   0.10792289738143891E+03
NP3H4       24   0.10000000000000000E+01  -0.99000000000000000E+02   0.16124409692026817E-08   0.00000000000000000E+00   0.50000000000000001E-03   0.00000000000000000E+00   0.00000000000000000E+00   0.32248819384053634E-05
NP3H4       24   0.50000000000000000E+01  -0.99000000000000000E+02   0.52399100327639530E-05   0.00000000000000000E+00   0.50000000000000001E-03   0.00000000000000000E+00   0.00000000000000000E+00   0.10479820065527905E-01
NP3H4       24   0.10000000000000000E+02  -0.99000000000000000E+02   0.10772457174880190E-03   0.00000000000000000E+00   0.50000000000000001E-03   0.00000000000000000E+00   0.00000000000000000E+00   0.21544914349760377E+00
NP3H4       24   0.25000000000000000E+02  -0.99000000000000000E+02   0.29678529679584916E-02   0.30000000000000001E-02   0.50000000000000001E-03   0.00000000000000000E+00   0.00000000000000000E+00  -0.64294064083016994E-01
NP3H4       24   0.50000000000000000E+02  -0.99000000000000000E+02   0.20752858407283022E-01   0.21000000000000001E-01   0.50000000000000001E-03   0.00000000000000000E+00   0.00000000000000000E+00  -0.49428318543395799E+00
NP3H4       24   0.10000000000000000E+03  -0.99000000000000000E+02   0.92619665398665466E-01   0.92999999999999999E-01   0.50000000000000001E-03   0.00000000000000000E+00   0.00000000000000000E+00  -0.76066920266906757E+00
NP3H4       24   0.15000000000000000E+03  -0.99000000000000000E+02   0.18145362974268958E+00   0.19400000000000001E+00   0.20000000000000000E-02   0.00000000000000000E+00   0.00000000000000000E+00  -0.62731851286552116E+01
NP3H4       24   0.20000000000000000E+03  -0.99000000000000000E+02   0.25848865276525873E+00   0.30900000000000000E+00   0.60000000000000001E-02   0.00000000000000000E+00   0.00000000000000000E+00  -0.84185578724568781E+01
NP3H4       24   0.25000000000000000E+03  -0.99000000000000000E+02   0.30166915842302289E+00   0.42299999999999999E+00   0.12000000000000000E-01   0.00000000000000000E+00   0.00000000000000000E+00  -0.10110903464748091E+02
NP3H4       24   0.30000000000000000E+03  -0.99000000000000000E+02   0.29882356843097796E+00   0.51800000000000002E+00   0.19000000000000000E-01   0.00000000000000000E+00   0.00000000000000000E+00  -0.11535601661527476E+02
NP3H4       24   0.35000000000000000E+03  -0.99000000000000000E+02   0.25292973291887927E+00   0.57799999999999996E+00   0.25999999999999999E-01   0.00000000000000000E+00   0.00000000000000000E+00  -0.12502702580043104E+02
NP1P1       25   0.10000000000000000E+01  -0.99000000000000000E+02  -0.18965747664434887E+00  -0.18600000000000000E+00   0.50000000000000001E-03   0.00000000000000000E+00   0.00000000000000000E+00  -0.73149532886977449E+01
NP1P1       25   0.50000000000000000E+01  -0.99000000000000000E+02  -0.15024050459147074E+01  -0.14940000000000000E+01   0.40000000000000001E-02   0.00000000000000000E+00   0.00000000000000000E+00  -0.21012614786768413E+01
NP1P1       25   0.10000000000000000E+02  -0.99000000000000000E+02  -0.30646436550420670E+01  -0.30619999999999998E+01   0.10000000000000000E-01   0.00000000000000000E+00   0.00000000000000000E+00  -0.26436550420672056E+00
NP1P1       25   0.25000000000000000E+02  -0.99000000000000000E+02  -0.62868473710520059E+01  -0.63570000000000002E+01   0.33000000000000002E-01   0.00000000000000000E+00   0.00000000000000000E+00   0.21258372408483135E+01
NP1P1       25   0.50000000000000000E+02  -0.99000000000000000E+02  -0.93603208984755479E+01  -0.96630000000000003E+01   0.69000000000000006E-01   0.00000000000000000E+00   0.00000000000000000E+00   0.43866536452819176E+01
NP1P1       25   0.10000000000000000E+03  -0.99000000000000000E+02  -0.13564763178661959E+02  -0.14207000000000001E+02   0.10600000000000000E+00   0.00000000000000000E+00   0.00000000000000000E+00   0.60588379371513357E+01
NP1P1       25   0.15000000000000000E+03  -0.99000000000000000E+02  -0.17713855451290421E+02  -0.17977000000000000E+02   0.11899999999999999E+00   0.00000000000000000E+00   0.00000000000000000E+00   0.22112987286519297E+01
NP1P1       25   0.20000000000000000E+03  -0.99000000000000000E+02  -0.21969496627201618E+02  -0.21234999999999999E+02   0.14399999999999999E+00   0.00000000000000000E+00   0.00000000000000000E+00  -0.51006710222334632E+01
NP1P1       25   0.25000000000000000E+03  -0.99000000000000000E+02  -0.25597284727723892E+02  -0.24030000000000001E+02   0.18500000000000000E+00   0.00000000000000000E+00   0.00000000000000000E+00  -0.84718093390480593E+01
NP1P1       25   0.30000000000000000E+03  -0.99000000000000000E+02  -0.27364492877947477E+02  -0.26417999999999999E+02   0.22600000000000001E+00   0.00000000000000000E+00   0.00000000000000000E+00  -0.41880215838383963E+01
NP1P1       25   0.35000000000000000E+03  -0.99000000000000000E+02  -0.25800112086947479E+02  -0.28417999999999999E+02   0.26100000000000001E+00   0.00000000000000000E+00   0.00000000000000000E+00   0.10030221889090116E+02
NP1F3       26   0.10000000000000000E+01  -0.99000000000000000E+02  -0.76863468473757697E-04   0.00000000000000000E+00   0.50000000000000001E-03   0.00000000000000000E+00   0.00000000000000000E+00  -0.15372693694751538E+00
NP1F3       26   0.50000000000000000E+01  -0.99000000000000000E+02  -0.11202485755780327E-01  -0.10000000000000000E-01   0.50000000000000001E-03   0.00000000000000000E+00   0.00000000000000000E+00  -0.24049715115606536E+01
NP1F3       26   0.10000000000000000E+02  -0.99000000000000000E+02  -0.66567703216103252E-01  -0.64000000000000001E-01   0.50000000000000001E-03   0.00000000000000000E+00   0.00000000000000000E+00  -0.51354064322065014E+01
NP1F3       26   0.25000000000000000E+02  -0.99000000000000000E+02  -0.42202575803062103E+00  -0.42099999999999999E+00   0.50000000000000001E-03   0.00000000000000000E+00   0.00000000000000000E+00  -0.20515160612420980E+01
NP1F3       26   0.50000000000000000E+02  -0.99000000000000000E+02  -0.11318950165422101E+01  -0.11419999999999999E+01   0.30000000000000001E-02   0.00000000000000000E+00   0.00000000000000000E+00   0.33683278192632540E+01
NP1F3       26   0.10000000000000000E+03  -0.99000000000000000E+02  -0.21636942128416656E+01  -0.23039999999999998E+01   0.21999999999999999E-01   0.00000000000000000E+00   0.00000000000000000E+00   0.63775357799242816E+01
NP1F3       26   0.15000000000000000E+03  -0.99000000000000000E+02  -0.26419519541614456E+01  -0.31779999999999999E+01   0.55000000000000000E-01   0.00000000000000000E+00   0.00000000000000000E+00   0.97463281061555342E+01
NP1F3       26   0.20000000000000000E+03  -0.99000000000000000E+02  -0.26698781020396707E+01  -0.39529999999999998E+01   0.85999999999999993E-01   0.00000000000000000E+00   0.00000000000000000E+00   0.14920022069306155E+02
NP1F3       26   0.25000000000000000E+03  -0.99000000000000000E+02  -0.23478670702804507E+01  -0.46719999999999997E+01   0.10199999999999999E+00   0.00000000000000000E+00   0.00000000000000000E+00   0.22785616958034794E+02
NP1F3       26   0.30000000000000000E+03  -0.99000000000000000E+02  -0.18089273327178019E+01  -0.52830000000000004E+01   0.10400000000000000E+00   0.00000000000000000E+00   0.00000000000000000E+00   0.33404544877713448E+02
NP1F3       26   0.35000000000000000E+03  -0.99000000000000000E+02  -0.12131756723508897E+01  -0.57039999999999997E+01   0.12500000000000000E+00   0.00000000000000000E+00   0.00000000000000000E+00   0.35926594621192876E+02
NP3D2       27   0.10000000000000000E+01  -0.99000000000000000E+02   0.60348757425523524E-02   0.60000000000000001E-02   0.50000000000000001E-03   0.00000000000000000E+00   0.00000000000000000E+00   0.69751485104704511E-01
NP3D2       27   0.50000000000000000E+01  -0.99000000000000000E+02   0.22410571773825735E+00   0.21900000000000000E+00   0.50000000000000001E-03   0.00000000000000000E+00   0.00000000000000000E+00   0.10211435476514707E+02
NP3D2       27   0.10000000000000000E+02  -0.99000000000000000E+02   0.85442255716787607E+00   0.84699999999999998E+00   0.10000000000000000E-02   0.00000000000000000E+00   0.00000000000000000E+00   0.74225571678760982E+01
NP3D2       27   0.25000000000000000E+02  -0.99000000000000000E+02   0.37506480554368795E+01   0.37290000000000001E+01   0.80000000000000002E-02   0.00000000000000000E+00   0.00000000000000000E+00   0.27060069296099276E+01
NP3D2       27   0.50000000000000000E+02  -0.99000000000000000E+02   0.91117700917263829E+01   0.90570000000000004E+01   0.27000000000000000E-01   0.00000000000000000E+00   0.00000000000000000E+00   0.20285219157919436E+01
NP3D2       27   0.10000000000000000E+03  -0.99000000000000000E+02   0.17542065630238092E+02   0.17387000000000000E+02   0.49000000000000002E-01   0.00000000000000000E+00   0.00000000000000000E+00   0.31646046987365613E+01
NP3D2       27   0.15000000000000000E+03  -0.99000000000000000E+02   0.21610412055215036E+02   0.21962000000000000E+02   0.66000000000000003E-01   0.00000000000000000E+00   0.00000000000000000E+00  -0.53270900724994465E+01
NP3D2       27   0.20000000000000000E+03  -0.99000000000000000E+02   0.21851906915823779E+02   0.24016999999999999E+02   0.85000000000000006E-01   0.00000000000000000E+00   0.00000000000000000E+00  -0.25471683343249648E+02
NP3D2       27   0.25000000000000000E+03  -0.99000000000000000E+02   0.19455251872635465E+02   0.24846000000000000E+02   0.96000000000000002E-01   0.00000000000000000E+00   0.00000000000000000E+00  -0.56153626326713905E+02
NP3D2       27   0.30000000000000000E+03  -0.99000000000000000E+02   0.15583358968442754E+02   0.25324000000000002E+02   0.11400000000000000E+00   0.00000000000000000E+00   0.00000000000000000E+00  -0.85444219575063570E+02
NP3D2       27   0.35000000000000000E+03  -0.99000000000000000E+02   0.11225808962972348E+02   0.25949999999999999E+02   0.18900000000000000E+00   0.00000000000000000E+00   0.00000000000000000E+00  -0.77905772682685992E+02
NP3G4       28   0.10000000000000000E+01  -0.99000000000000000E+02   0.20375601490750462E-05   0.00000000000000000E+00   0.50000000000000001E-03   0.00000000000000000E+00   0.00000000000000000E+00   0.40751202981500921E-02
NP3G4       28   0.50000000000000000E+01  -0.99000000000000000E+02   0.13080520923648249E-02   0.10000000000000000E-02   0.50000000000000001E-03   0.00000000000000000E+00   0.00000000000000000E+00   0.61610418472964967E+00
NP3G4       28   0.10000000000000000E+02  -0.99000000000000000E+02   0.13762242243794144E-01   0.12000000000000000E-01   0.50000000000000001E-03   0.00000000000000000E+00   0.00000000000000000E+00   0.35244844875882868E+01
NP3G4       28   0.25000000000000000E+02  -0.99000000000000000E+02   0.17065982000345070E+00   0.17000000000000001E+00   0.50000000000000001E-03   0.00000000000000000E+00   0.00000000000000000E+00   0.13196400069013792E+01
NP3G4       28   0.50000000000000000E+02  -0.99000000000000000E+02   0.71851711306971544E+00   0.72699999999999998E+00   0.10000000000000000E-02   0.00000000000000000E+00   0.00000000000000000E+00  -0.84828869302845380E+01
NP3G4       28   0.10000000000000000E+03  -0.99000000000000000E+02   0.20949623551798435E+01   0.22480000000000002E+01   0.10000000000000000E-01   0.00000000000000000E+00   0.00000000000000000E+00  -0.15303764482015669E+02
NP3G4       28   0.15000000000000000E+03  -0.99000000000000000E+02   0.32618031958785276E+01   0.38919999999999999E+01   0.33000000000000002E-01   0.00000000000000000E+00   0.00000000000000000E+00  -0.19096872852165827E+02
NP3G4       28   0.20000000000000000E+03  -0.99000000000000000E+02   0.39258919186759127E+01   0.54840000000000000E+01   0.57000000000000002E-01   0.00000000000000000E+00   0.00000000000000000E+00  -0.27335229496913811E+02
NP3G4       28   0.25000000000000000E+03  -0.99000000000000000E+02   0.39815015905849647E+01   0.68849999999999998E+01   0.70000000000000007E-01   0.00000000000000000E+00   0.00000000000000000E+00  -0.41478548705929072E+02
NP3G4       28   0.30000000000000000E+03  -0.99000000000000000E+02   0.34917452332006942E+01   0.79859999999999998E+01   0.78000000000000000E-01   0.00000000000000000E+00   0.00000000000000000E+00  -0.57618650856401352E+02
NP3G4       28   0.35000000000000000E+03  -0.99000000000000000E+02   0.26599847729071913E+01   0.87289999999999992E+01   0.10400000000000000E+00   0.00000000000000000E+00   0.00000000000000000E+00  -0.58355915645123154E+02
NP3S1       29   0.10000000000000000E+01  -0.99000000000000000E+02  -0.32434597830747443E+02  -0.32353000000000002E+02   0.10000000000000000E-01   0.00000000000000000E+00   0.00000000000000000E+00  -0.81597830747440980E+01
NP3S1       29   0.50000000000000000E+01  -0.99000000000000000E+02  -0.61920170326306454E+02  -0.62045999999999999E+02   0.21999999999999999E-01   0.00000000000000000E+00   0.00000000000000000E+00   0.57195306224338607E+01
NP3S1       29   0.10000000000000000E+02  -0.99000000000000000E+02  -0.77331844501422339E+02  -0.77707999999999998E+02   0.31000000000000000E-01   0.00000000000000000E+00   0.00000000000000000E+00   0.12134048341214834E+02
NP3S1       29   0.25000000000000000E+02  -0.99000000000000000E+02   0.80953249277676463E+02   0.80135999999999996E+02   0.43999999999999997E-01   0.00000000000000000E+00   0.00000000000000000E+00   0.18573847219919706E+02
NP3S1       29   0.50000000000000000E+02  -0.99000000000000000E+02   0.63184305392009776E+02   0.62159999999999997E+02   0.52999999999999999E-01   0.00000000000000000E+00   0.00000000000000000E+00   0.19326516830373194E+02
NP3S1       29   0.10000000000000000E+03  -0.99000000000000000E+02   0.43206845354442869E+02   0.42712000000000003E+02   0.52999999999999999E-01   0.00000000000000000E+00   0.00000000000000000E+00   0.93367048008087909E+01
NP3S1       29   0.15000000000000000E+03  -0.99000000000000000E+02   0.29867627347990187E+02   0.30391999999999999E+02   0.58000000000000003E-01   0.00000000000000000E+00   0.00000000000000000E+00  -0.90409077932726358E+01
NP3S1       29   0.20000000000000000E+03  -0.99000000000000000E+02   0.19563312497256774E+02   0.20936000000000000E+02   0.71999999999999995E-01   0.00000000000000000E+00   0.00000000000000000E+00  -0.19065104204767024E+02
NP3S1       29   0.25000000000000000E+03  -0.99000000000000000E+02   0.11413321685037486E+02   0.12945000000000000E+02   0.86999999999999994E-01   0.00000000000000000E+00   0.00000000000000000E+00  -0.17605497873132347E+02
NP3S1       29   0.30000000000000000E+03  -0.99000000000000000E+02   0.51794966261510611E+01   0.58369999999999997E+01   0.98000000000000004E-01   0.00000000000000000E+00   0.00000000000000000E+00  -0.67092181004993741E+01
NP3S1       29   0.35000000000000000E+03  -0.99000000000000000E+02   0.86615406852380883E+00  -0.64400000000000002E+00   0.10500000000000000E+00   0.00000000000000000E+00   0.00000000000000000E+00   0.14382419700226752E+02
NPE1        30   0.10000000000000000E+01  -0.99000000000000000E+02  -0.11233359817797267E+00  -0.10400000000000000E+00   0.10000000000000000E-02   0.00000000000000000E+00   0.00000000000000000E+00  -0.83335981779726751E+01
NPE1        30   0.50000000000000000E+01  -0.99000000000000000E+02  -0.71559106804114792E+00  -0.65700000000000003E+00   0.40000000000000001E-02   0.00000000000000000E+00   0.00000000000000000E+00  -0.14647767010286971E+02
NPE1        30   0.10000000000000000E+02  -0.99000000000000000E+02  -0.12341560683413997E+01  -0.11250000000000000E+01   0.89999999999999993E-02   0.00000000000000000E+00   0.00000000000000000E+00  -0.12128452037933299E+02
NPE1        30   0.25000000000000000E+02  -0.99000000000000000E+02   0.18985378757692177E+01   0.17340000000000000E+01   0.20000000000000000E-01   0.00000000000000000E+00   0.00000000000000000E+00   0.82268937884608864E+01
NPE1        30   0.50000000000000000E+02  -0.99000000000000000E+02   0.21469137879572453E+01   0.20569999999999999E+01   0.36999999999999998E-01   0.00000000000000000E+00   0.00000000000000000E+00   0.24301023772228478E+01
NPE1        30   0.10000000000000000E+03  -0.99000000000000000E+02   0.19150179657537696E+01   0.24729999999999999E+01   0.68000000000000005E-01   0.00000000000000000E+00   0.00000000000000000E+00  -0.82056181506798556E+01
NPE1        30   0.15000000000000000E+03  -0.99000000000000000E+02   0.10484465810855739E+01   0.29380000000000002E+01   0.95000000000000001E-01   0.00000000000000000E+00   0.00000000000000000E+00  -0.19890035988572908E+02
NPE1        30   0.20000000000000000E+03  -0.99000000000000000E+02  -0.53994139797840002E+00   0.34480000000000000E+01   0.11200000000000000E+00   0.00000000000000000E+00   0.00000000000000000E+00  -0.35606619624807138E+02
NPE1        30   0.25000000000000000E+03  -0.99000000000000000E+02  -0.27421562437546827E+01   0.40359999999999996E+01   0.11100000000000000E+00   0.00000000000000000E+00   0.00000000000000000E+00  -0.61064470664456593E+02
NPE1        30   0.30000000000000000E+03  -0.99000000000000000E+02  -0.49555124574477176E+01   0.47530000000000001E+01   0.11300000000000000E+00   0.00000000000000000E+00   0.00000000000000000E+00  -0.85916039446439981E+02
NPE1        30   0.35000000000000000E+03  -0.99000000000000000E+02  -0.61699444817665672E+01   0.56100000000000003E+01   0.16900000000000001E+00   0.00000000000000000E+00   0.00000000000000000E+00  -0.69703813501577315E+02
NP3D1       31   0.10000000000000000E+01  -0.99000000000000000E+02  -0.53829446083150821E-02  -0.50000000000000001E-02   0.50000000000000001E-03   0.00000000000000000E+00   0.00000000000000000E+00  -0.76588921663016396E+00
NP3D1       31   0.50000000000000000E+01  -0.99000000000000000E+02  -0.19045719864774049E+00  -0.17999999999999999E+00   0.50000000000000001E-03   0.00000000000000000E+00   0.00000000000000000E+00  -0.20914397295481002E+02
NP3D1       31   0.10000000000000000E+02  -0.99000000000000000E+02  -0.70392080472462415E+00  -0.67100000000000004E+00   0.20000000000000000E-02   0.00000000000000000E+00   0.00000000000000000E+00  -0.16460402362312053E+02
NP3D1       31   0.25000000000000000E+02  -0.99000000000000000E+02  -0.29318686079319334E+01  -0.27879999999999998E+01   0.89999999999999993E-02   0.00000000000000000E+00   0.00000000000000000E+00  -0.15985400881325953E+02
NP3D1       31   0.50000000000000000E+02  -0.99000000000000000E+02  -0.68246589656365986E+01  -0.64230000000000000E+01   0.25999999999999999E-01   0.00000000000000000E+00   0.00000000000000000E+00  -0.15448421755253790E+02
NP3D1       31   0.10000000000000000E+03  -0.99000000000000000E+02  -0.13188278696030800E+02  -0.12198000000000000E+02   0.48000000000000001E-01   0.00000000000000000E+00   0.00000000000000000E+00  -0.20630806167308318E+02
NP3D1       31   0.15000000000000000E+03  -0.99000000000000000E+02  -0.17527946456111280E+02  -0.16407000000000000E+02   0.58000000000000003E-01   0.00000000000000000E+00   0.00000000000000000E+00  -0.19326663036401385E+02
NP3D1       31   0.20000000000000000E+03  -0.99000000000000000E+02  -0.19634859928622298E+02  -0.19681999999999999E+02   0.70999999999999994E-01   0.00000000000000000E+00   0.00000000000000000E+00   0.66394466729156087E+00
NP3D1       31   0.25000000000000000E+03  -0.99000000000000000E+02  -0.19138259440985838E+02  -0.22324000000000002E+02   0.80000000000000002E-01   0.00000000000000000E+00   0.00000000000000000E+00   0.39821756987677048E+02
NP3D1       31   0.30000000000000000E+03  -0.99000000000000000E+02  -0.16115326729018634E+02  -0.24369000000000000E+02   0.10800000000000000E+00   0.00000000000000000E+00   0.00000000000000000E+00   0.76422900657234877E+02
NP3D1       31   0.35000000000000000E+03  -0.99000000000000000E+02  -0.11583090733779070E+02  -0.25699000000000002E+02   0.19100000000000000E+00   0.00000000000000000E+00   0.00000000000000000E+00   0.73905284116339956E+02
NP3D3       32   0.10000000000000000E+01  -0.99000000000000000E+02   0.58904686640042598E-04   0.00000000000000000E+00   0.50000000000000001E-03   0.00000000000000000E+00   0.00000000000000000E+00   0.11780937328008520E+00
NP3D3       32   0.50000000000000000E+01  -0.99000000000000000E+02   0.14480491411492371E-03   0.20000000000000000E-02   0.50000000000000001E-03   0.00000000000000000E+00   0.00000000000000000E+00  -0.37103901717701526E+01
NP3D3       32   0.10000000000000000E+02  -0.99000000000000000E+02  -0.52823686919445025E-02   0.50000000000000001E-02   0.50000000000000001E-03   0.00000000000000000E+00   0.00000000000000000E+00  -0.20564737383889003E+02
NP3D3       32   0.25000000000000000E+02  -0.99000000000000000E+02  -0.48729415252428833E-01   0.42999999999999997E-01   0.10000000000000000E-02   0.00000000000000000E+00   0.00000000000000000E+00  -0.91729415252428836E+02
NP3D3       32   0.50000000000000000E+02  -0.99000000000000000E+02  -0.10364321916830248E+00   0.31500000000000000E+00   0.40000000000000001E-02   0.00000000000000000E+00   0.00000000000000000E+00  -0.10466080479207562E+03
NP3D3       32   0.10000000000000000E+03  -0.99000000000000000E+02  -0.93419276746476168E-01   0.14440000000000000E+01   0.16000000000000000E-01   0.00000000000000000E+00   0.00000000000000000E+00  -0.96088704796654753E+02
NP3D3       32   0.15000000000000000E+03  -0.99000000000000000E+02  -0.76475594877016745E-01   0.26429999999999998E+01   0.33000000000000002E-01   0.00000000000000000E+00   0.00000000000000000E+00  -0.82408351359909588E+02
NP3D3       32   0.20000000000000000E+03  -0.99000000000000000E+02  -0.10143811820536618E+00   0.34849999999999999E+01   0.50999999999999997E-01   0.00000000000000000E+00   0.00000000000000000E+00  -0.70322316043242481E+02
NP3D3       32   0.25000000000000000E+03  -0.99000000000000000E+02  -0.12949534921266109E+00   0.39310000000000000E+01   0.70999999999999994E-01   0.00000000000000000E+00   0.00000000000000000E+00  -0.57190075341023402E+02
NP3D3       32   0.30000000000000000E+03  -0.99000000000000000E+02  -0.11719467960460098E+00   0.40990000000000002E+01   0.95000000000000001E-01   0.00000000000000000E+00   0.00000000000000000E+00  -0.44380996627416849E+02
NP3D3       32   0.35000000000000000E+03  -0.99000000000000000E+02  -0.62639429781127007E-01   0.41210000000000004E+01   0.12100000000000000E+00   0.00000000000000000E+00   0.00000000000000000E+00  -0.34575532477529983E+02
NPE3        33   0.10000000000000000E+01  -0.99000000000000000E+02   0.89466254423883153E-04   0.00000000000000000E+00   0.50000000000000001E-03   0.00000000000000000E+00   0.00000000000000000E+00   0.17893250884776629E+00
NPE3        33   0.50000000000000000E+01  -0.99000000000000000E+02   0.13379571747016228E-01   0.12000000000000000E-01   0.50000000000000001E-03   0.00000000000000000E+00   0.00000000000000000E+00   0.27591434940324557E+01
NPE3        33   0.10000000000000000E+02  -0.99000000000000000E+02   0.81760404472189019E-01   0.80000000000000002E-01   0.50000000000000001E-03   0.00000000000000000E+00   0.00000000000000000E+00   0.35208089443780342E+01
NPE3        33   0.25000000000000000E+02  -0.99000000000000000E+02   0.55399874137601279E+00   0.55300000000000005E+00   0.50000000000000001E-03   0.00000000000000000E+00   0.00000000000000000E+00   0.19974827520254923E+01
NPE3        33   0.50000000000000000E+02  -0.99000000000000000E+02   0.16107089959830685E+01   0.16150000000000000E+01   0.30000000000000001E-02   0.00000000000000000E+00   0.00000000000000000E+00  -0.14303346723104997E+01
NPE3        33   0.10000000000000000E+03  -0.99000000000000000E+02   0.34657496803976109E+01   0.34980000000000002E+01   0.16000000000000000E-01   0.00000000000000000E+00   0.00000000000000000E+00  -0.20156449751493333E+01
NPE3        33   0.15000000000000000E+03  -0.99000000000000000E+02   0.46781393259713706E+01   0.48250000000000002E+01   0.28000000000000001E-01   0.00000000000000000E+00   0.00000000000000000E+00  -0.52450240724510557E+01
NPE3        33   0.20000000000000000E+03  -0.99000000000000000E+02   0.52117043831586232E+01   0.57489999999999997E+01   0.34000000000000002E-01   0.00000000000000000E+00   0.00000000000000000E+00  -0.15802812260040485E+02
NPE3        33   0.25000000000000000E+03  -0.99000000000000000E+02   0.50596285633704134E+01   0.64269999999999996E+01   0.42999999999999997E-01   0.00000000000000000E+00   0.00000000000000000E+00  -0.31799335735571773E+02
NPE3        33   0.30000000000000000E+03  -0.99000000000000000E+02   0.43070170064471691E+01   0.69379999999999997E+01   0.52999999999999999E-01   0.00000000000000000E+00   0.00000000000000000E+00  -0.49641188557600579E+02
NPE3        33   0.35000000000000000E+03  -0.99000000000000000E+02   0.31860034945753704E+01   0.72939999999999996E+01   0.64000000000000001E-01   0.00000000000000000E+00   0.00000000000000000E+00  -0.64187445397259836E+02
NP3G3       34   0.10000000000000000E+01  -0.99000000000000000E+02  -0.52616597301875051E-06   0.00000000000000000E+00   0.50000000000000001E-03   0.00000000000000000E+00   0.00000000000000000E+00  -0.10523319460375010E-02
NP3G3       34   0.50000000000000000E+01  -0.99000000000000000E+02  -0.35249901989211442E-03   0.00000000000000000E+00   0.50000000000000001E-03   0.00000000000000000E+00   0.00000000000000000E+00  -0.70499803978422881E+00
NP3G3       34   0.10000000000000000E+02  -0.99000000000000000E+02  -0.38690729948367350E-02  -0.30000000000000001E-02   0.50000000000000001E-03   0.00000000000000000E+00   0.00000000000000000E+00  -0.17381459896734699E+01
NP3G3       34   0.25000000000000000E+02  -0.99000000000000000E+02  -0.53556161736884253E-01  -0.52999999999999999E-01   0.50000000000000001E-03   0.00000000000000000E+00   0.00000000000000000E+00  -0.11123234737685088E+01
NP3G3       34   0.50000000000000000E+02  -0.99000000000000000E+02  -0.26182612504223851E+00  -0.26500000000000001E+00   0.10000000000000000E-02   0.00000000000000000E+00   0.00000000000000000E+00   0.31738749577615022E+01
NP3G3       34   0.10000000000000000E+03  -0.99000000000000000E+02  -0.93861366900508503E+00  -0.99600000000000000E+00   0.89999999999999993E-02   0.00000000000000000E+00   0.00000000000000000E+00   0.63762589994349970E+01
NP3G3       34   0.15000000000000000E+03  -0.99000000000000000E+02  -0.16837054819854420E+01  -0.19190000000000000E+01   0.29999999999999999E-01   0.00000000000000000E+00   0.00000000000000000E+00   0.78431506004852682E+01
NP3G3       34   0.20000000000000000E+03  -0.99000000000000000E+02  -0.22582045711707321E+01  -0.28790000000000000E+01   0.52999999999999999E-01   0.00000000000000000E+00   0.00000000000000000E+00   0.11713121298665431E+02
NP3G3       34   0.25000000000000000E+03  -0.99000000000000000E+02  -0.24843130301288303E+01  -0.37989999999999999E+01   0.69000000000000006E-01   0.00000000000000000E+00   0.00000000000000000E+00   0.19053434345958980E+02
NP3G3       34   0.30000000000000000E+03  -0.99000000000000000E+02  -0.22908363148171014E+01  -0.46689999999999996E+01   0.84000000000000005E-01   0.00000000000000000E+00   0.00000000000000000E+00   0.28311472442653550E+02
NP3G3       34   0.35000000000000000E+03  -0.99000000000000000E+02  -0.17698253709371665E+01  -0.55170000000000003E+01   0.11799999999999999E+00   0.00000000000000000E+00   0.00000000000000000E+00   0.31755717195447748E+02
a_pp    300002   0.00000000000000000E+00  -0.99000000000000000E+02  -0.78678951480944415E+01  -0.78196000000000003E+01   0.78196000000000006E-03   0.00000000000000000E+00   0.00000000000000000E+00  -0.61761660563764295E+02
r_pp    300002   0.00000000000000000E+00  -0.99000000000000000E+02   0.28393528473669285E+01   0.27900000000000000E+01   0.69750000000000003E-02   0.00000000000000000E+00   0.00000000000000000E+00   0.70756770418535435E+01
a_np    300002   0.00000000000000000E+00  -0.99000000000000000E+02  -0.24187903234849728E+02  -0.23739999999999998E+02   0.23739999999999998E-02   0.00000000000000000E+00   0.00000000000000000E+00  -0.18867027584234592E+03
r_np    300002   0.00000000000000000E+00  -0.99000000000000000E+02   0.27680178792019481E+01   0.27700000000000000E+01   0.27700000000000003E-02   0.00000000000000000E+00   0.00000000000000000E+00  -0.71556707510900130E+00
a_nn    300002   0.00000000000000000E+00  -0.99000000000000000E+02  -0.19883578294430375E+02  -0.18949999999999999E+02   0.28424999999999995E+00   0.00000000000000000E+00   0.00000000000000000E+00  -0.32843563568350960E+01
r_nn    300002   0.00000000000000000E+00  -0.99000000000000000E+02   0.28716177711224691E+01   0.27500000000000000E+01   0.13750000000000000E-01   0.00000000000000000E+00   0.00000000000000000E+00   0.88449288089068414E+01
