PP1S0        1   0.10000000000000000E+01  -0.99000000000000000E+02   0.32955807826755603E+02   0.32651000000000003E+02   0.30000000000000001E-02   0.00000000000000000E+00   0.00000000000000000E+00   0.10160260891853312E+03
PP1S0        1   0.50000000000000000E+01  -0.99000000000000000E+02   0.54730778257931327E+02   0.54841000000000001E+02   0.60000000000000001E-02   0.00000000000000000E+00   0.00000000000000000E+00  -0.18370290344779033E+02
PP1S0        1   0.10000000000000000E+02  -0.99000000000000000E+02   0.54869757339425107E+02   0.55256000000000000E+02   0.10000000000000000E-01   0.00000000000000000E+00   0.00000000000000000E+00  -0.38624266057489365E+02
PP1S0        1   0.25000000000000000E+02  -0.99000000000000000E+02   0.48026650558793150E+02   0.48789000000000001E+02   0.12999999999999999E-01   0.00000000000000000E+00   0.00000000000000000E+00  -0.58642264708219308E+02
PP1S0        1   0.50000000000000000E+02  -0.99000000000000000E+02   0.38282353220956445E+02   0.39185000000000002E+02   0.17000000000000001E-01   0.00000000000000000E+00   0.00000000000000000E+00  -0.53096869355503379E+02
PP1S0        1   0.10000000000000000E+03  -0.99000000000000000E+02   0.25564389473947696E+02   0.25443999999999999E+02   0.33000000000000002E-01   0.00000000000000000E+00   0.00000000000000000E+00   0.36481658772029242E+01
PP1S0        1   0.15000000000000000E+03  -0.99000000000000000E+02   0.18471431926866938E+02   0.15254000000000000E+02   0.45999999999999999E-01   0.00000000000000000E+00   0.00000000000000000E+00   0.69944172323194309E+02
PP1S0        1   0.20000000000000000E+03  -0.99000000000000000E+02   0.15533910546073285E+02   0.70410000000000004E+01   0.57000000000000002E-01   0.00000000000000000E+00   0.00000000000000000E+00   0.14899843063286463E+03
PP1S0        1   0.25000000000000000E+03  -0.99000000000000000E+02   0.15267206632208055E+02   0.31800000000000000E+00   0.73999999999999996E-01   0.00000000000000000E+00   0.00000000000000000E+00   0.20201630584064941E+03
PP1S0        1   0.30000000000000000E+03  -0.99000000000000000E+02   0.15386517265408724E+02  -0.50979999999999999E+01   0.10000000000000001E+00   0.00000000000000000E+00   0.00000000000000000E+00   0.20484517265408721E+03
PP1S0        1   0.35000000000000000E+03  -0.99000000000000000E+02   0.14111026894245455E+02  -0.93420000000000005E+01   0.13400000000000001E+00   0.00000000000000000E+00   0.00000000000000000E+00   0.17502258876302577E+03
PP1D2        2   0.10000000000000000E+01  -0.99000000000000000E+02   0.97690578988252844E-03   0.10000000000000000E-02   0.50000000000000001E-03   0.00000000000000000E+00   0.00000000000000000E+00  -0.46188420234943156E-01
PP1D2        2   0.50000000000000000E+01  -0.99000000000000000E+02   0.44857966685058183E-01   0.42000000000000003E-01   0.50000000000000001E-03   0.00000000000000000E+00   0.00000000000000000E+00   0.57159333701163604E+01
PP1D2        2   0.10000000000000000E+02  -0.99000000000000000E+02   0.17223096237667709E+00   0.16400000000000001E+00   0.50000000000000001E-03   0.00000000000000000E+00   0.00000000000000000E+00   0.16461924753354172E+02
PP1D2        2   0.25000000000000000E+02  -0.99000000000000000E+02   0.74659928393221864E+00   0.69399999999999995E+00   0.10000000000000000E-02   0.00000000000000000E+00   0.00000000000000000E+00   0.52599283932218690E+02
PP1D2        2   0.50000000000000000E+02  -0.99000000000000000E+02   0.19333673153741331E+01   0.17090000000000001E+01   0.40000000000000001E-02   0.00000000000000000E+00   0.00000000000000000E+00   0.56091828843533250E+02
PP1D2        2   0.10000000000000000E+03  -0.99000000000000000E+02   0.47026287228491084E+01   0.37810000000000001E+01   0.80000000000000002E-02   0.00000000000000000E+00   0.00000000000000000E+00   0.11520359035613853E+03
PP1D2        2   0.15000000000000000E+03  -0.99000000000000000E+02   0.72930230507421161E+01   0.56180000000000003E+01   0.14000000000000000E-01   0.00000000000000000E+00   0.00000000000000000E+00   0.11964450362443684E+03
PP1D2        2   0.20000000000000000E+03  -0.99000000000000000E+02   0.88813315462344917E+01   0.71920000000000002E+01   0.21000000000000001E-01   0.00000000000000000E+00   0.00000000000000000E+00   0.80444359344499588E+02
PP1D2        2   0.25000000000000000E+03  -0.99000000000000000E+02   0.90771885916486816E+01   0.85380000000000003E+01   0.24000000000000000E-01   0.00000000000000000E+00   0.00000000000000000E+00   0.22466191318695056E+02
PP1D2        2   0.30000000000000000E+03  -0.99000000000000000E+02   0.80152756062360080E+01   0.95770000000000000E+01   0.31000000000000000E-01   0.00000000000000000E+00   0.00000000000000000E+00  -0.50378206250451356E+02
PP1D2        2   0.35000000000000000E+03  -0.99000000000000000E+02   0.61733785325222916E+01   0.10183000000000000E+02   0.51999999999999998E-01   0.00000000000000000E+00   0.00000000000000000E+00  -0.77108105143802078E+02
PP1G4        3   0.10000000000000000E+01  -0.99000000000000000E+02   0.41990364925777960E-06   0.00000000000000000E+00   0.50000000000000001E-03   0.00000000000000000E+00   0.00000000000000000E+00   0.83980729851555920E-03
PP1G4        3   0.50000000000000000E+01  -0.99000000000000000E+02   0.33299005914369517E-03   0.00000000000000000E+00   0.50000000000000001E-03   0.00000000000000000E+00   0.00000000000000000E+00   0.66598011828739034E+00
PP1G4        3   0.10000000000000000E+02  -0.99000000000000000E+02   0.35048025775993937E-02   0.30000000000000001E-02   0.50000000000000001E-03   0.00000000000000000E+00   0.00000000000000000E+00   0.10096051551987872E+01
PP1G4        3   0.25000000000000000E+02  -0.99000000000000000E+02   0.40372163659945601E-01   0.40000000000000001E-01   0.50000000000000001E-03   0.00000000000000000E+00   0.00000000000000000E+00   0.74432731989119982E+00
PP1G4        3   0.50000000000000000E+02  -0.99000000000000000E+02   0.15498198092904444E+00   0.15200000000000000E+00   0.50000000000000001E-03   0.00000000000000000E+00   0.00000000000000000E+00   0.59639618580888953E+01
PP1G4        3   0.10000000000000000E+03  -0.99000000000000000E+02   0.42098886564744042E+00   0.41799999999999998E+00   0.20000000000000000E-02   0.00000000000000000E+00   0.00000000000000000E+00   0.14944328237202209E+01
PP1G4        3   0.15000000000000000E+03  -0.99000000000000000E+02   0.66593924664328685E+00   0.70299999999999996E+00   0.60000000000000001E-02   0.00000000000000000E+00   0.00000000000000000E+00  -0.61767922261188506E+01
PP1G4        3   0.20000000000000000E+03  -0.99000000000000000E+02   0.85104223670513046E+00   0.10060000000000000E+01   0.12000000000000000E-01   0.00000000000000000E+00   0.00000000000000000E+00  -0.12913146941239129E+02
PP1G4        3   0.25000000000000000E+03  -0.99000000000000000E+02   0.93416622492150192E+00   0.13069999999999999E+01   0.17000000000000001E-01   0.00000000000000000E+00   0.00000000000000000E+00  -0.21931398534029295E+02
PP1G4        3   0.30000000000000000E+03  -0.99000000000000000E+02   0.89029172348945895E+00   0.15860000000000001E+01   0.19000000000000000E-01   0.00000000000000000E+00   0.00000000000000000E+00  -0.36616225079502165E+02
PP1G4        3   0.35000000000000000E+03  -0.99000000000000000E+02   0.73383660061913858E+00   0.18420000000000001E+01   0.25999999999999999E-01   0.00000000000000000E+00   0.00000000000000000E+00  -0.42621669206956213E+02
PP3P0        4   0.10000000000000000E+01  -0.99000000000000000E+02   0.14073823220086532E+00   0.13300000000000001E+00   0.50000000000000001E-03   0.00000000000000000E+00   0.00000000000000000E+00   0.15476464401730617E+02
PP3P0        4   0.50000000000000000E+01  -0.99000000000000000E+02   0.16703648945887339E+01   0.15820000000000001E+01   0.30000000000000001E-02   0.00000000000000000E+00   0.00000000000000000E+00   0.29454964862911289E+02
PP3P0        4   0.10000000000000000E+02  -0.99000000000000000E+02   0.39644610611165714E+01   0.37370000000000001E+01   0.80000000000000002E-02   0.00000000000000000E+00   0.00000000000000000E+00   0.28432632639571409E+02
PP3P0        4   0.25000000000000000E+02  -0.99000000000000000E+02   0.91501586886877799E+01   0.86069999999999993E+01   0.20000000000000000E-01   0.00000000000000000E+00   0.00000000000000000E+00   0.27157934434389031E+02
PP3P0        4   0.50000000000000000E+02  -0.99000000000000000E+02   0.11768493248358412E+02   0.11523999999999999E+02   0.32000000000000001E-01   0.00000000000000000E+00   0.00000000000000000E+00   0.76404140112004137E+01
PP3P0        4   0.10000000000000000E+03  -0.99000000000000000E+02   0.66780611886514860E+01   0.94969999999999999E+01   0.56000000000000001E-01   0.00000000000000000E+00   0.00000000000000000E+00  -0.50338193059794889E+02
PP3P0        4   0.15000000000000000E+03  -0.99000000000000000E+02  -0.31312170553455947E+01   0.48159999999999998E+01   0.66000000000000003E-01   0.00000000000000000E+00   0.00000000000000000E+00  -0.12041237962644840E+03
PP3P0        4   0.20000000000000000E+03  -0.99000000000000000E+02  -0.14459619474834097E+02  -0.22700000000000001E+00   0.62000000000000000E-01   0.00000000000000000E+00   0.00000000000000000E+00  -0.22955837862635641E+03
PP3P0        4   0.25000000000000000E+03  -0.99000000000000000E+02  -0.26008509771628674E+02  -0.51210000000000004E+01   0.63000000000000000E-01   0.00000000000000000E+00   0.00000000000000000E+00  -0.33154777415283604E+03
PP3P0        4   0.30000000000000000E+03  -0.99000000000000000E+02  -0.36596542336068673E+02  -0.96630000000000003E+01   0.88999999999999996E-01   0.00000000000000000E+00   0.00000000000000000E+00  -0.30262407119178283E+03
PP3P0        4   0.35000000000000000E+03  -0.99000000000000000E+02  -0.44487313880881644E+02  -0.13677000000000000E+02   0.14099999999999999E+00   0.00000000000000000E+00   0.00000000000000000E+00  -0.21851286440341593E+03
PP3P1        5   0.10000000000000000E+01  -0.99000000000000000E+02  -0.77177435304217737E-01  -0.80000000000000002E-01   0.50000000000000001E-03   0.00000000000000000E+00   0.00000000000000000E+00   0.56451293915645291E+01
PP3P1        5   0.50000000000000000E+01  -0.99000000000000000E+02  -0.84321857110289544E+00  -0.89200000000000002E+00   0.10000000000000000E-02   0.00000000000000000E+00   0.00000000000000000E+00   0.48781428897104568E+02
PP3P1        5   0.10000000000000000E+02  -0.99000000000000000E+02  -0.18957100352490883E+01  -0.20369999999999999E+01   0.20000000000000000E-02   0.00000000000000000E+00   0.00000000000000000E+00   0.70644982375455797E+02
PP3P1        5   0.25000000000000000E+02  -0.99000000000000000E+02  -0.43918250409734343E+01  -0.48620000000000001E+01   0.60000000000000001E-02   0.00000000000000000E+00   0.00000000000000000E+00   0.78362493171094300E+02
PP3P1        5   0.50000000000000000E+02  -0.99000000000000000E+02  -0.73105693811448198E+01  -0.82080000000000002E+01   0.12000000000000000E-01   0.00000000000000000E+00   0.00000000000000000E+00   0.74785884904598362E+02
PP3P1        5   0.10000000000000000E+03  -0.99000000000000000E+02  -0.12701607384707907E+02  -0.13259000000000000E+02   0.19000000000000000E-01   0.00000000000000000E+00   0.00000000000000000E+00   0.29336453436425945E+02
PP3P1        5   0.15000000000000000E+03  -0.99000000000000000E+02  -0.19281002207490925E+02  -0.17620000000000001E+02   0.25000000000000001E-01   0.00000000000000000E+00   0.00000000000000000E+00  -0.66440088299636955E+02
PP3P1        5   0.20000000000000000E+03  -0.99000000000000000E+02  -0.26959913229630903E+02  -0.21506000000000000E+02   0.35999999999999997E-01   0.00000000000000000E+00   0.00000000000000000E+00  -0.15149758971196954E+03
PP3P1        5   0.25000000000000000E+03  -0.99000000000000000E+02  -0.34958046953883375E+02  -0.24902999999999999E+02   0.50999999999999997E-01   0.00000000000000000E+00   0.00000000000000000E+00  -0.19715778340947799E+03
PP3P1        5   0.30000000000000000E+03  -0.99000000000000000E+02  -0.42020954870135988E+02  -0.27811000000000000E+02   0.64000000000000001E-01   0.00000000000000000E+00   0.00000000000000000E+00  -0.22203054484587480E+03
PP3P1        5   0.35000000000000000E+03  -0.99000000000000000E+02  -0.46117625019260032E+02  -0.30221000000000000E+02   0.75999999999999998E-01   0.00000000000000000E+00   0.00000000000000000E+00  -0.20916611867447412E+03
PP3F3        6   0.10000000000000000E+01  -0.99000000000000000E+02  -0.25787000280548224E-04   0.00000000000000000E+00   0.50000000000000001E-03   0.00000000000000000E+00   0.00000000000000000E+00  -0.51574000561096449E-01
PP3F3        6   0.50000000000000000E+01  -0.99000000000000000E+02  -0.50304317677183569E-02  -0.40000000000000001E-02   0.50000000000000001E-03   0.00000000000000000E+00   0.00000000000000000E+00  -0.20608635354367135E+01
PP3F3        6   0.10000000000000000E+02  -0.99000000000000000E+02  -0.32489042238684554E-01  -0.31000000000000000E-01   0.50000000000000001E-03   0.00000000000000000E+00   0.00000000000000000E+00  -0.29780844773691082E+01
PP3F3        6   0.25000000000000000E+02  -0.99000000000000000E+02  -0.22973884527541305E+00  -0.23000000000000001E+00   0.50000000000000001E-03   0.00000000000000000E+00   0.00000000000000000E+00   0.52230944917391886E+00
PP3F3        6   0.50000000000000000E+02  -0.99000000000000000E+02  -0.67405602981302615E+00  -0.68200000000000005E+00   0.20000000000000000E-02   0.00000000000000000E+00   0.00000000000000000E+00   0.39719850934869516E+01
PP3F3        6   0.10000000000000000E+03  -0.99000000000000000E+02  -0.13873981374046629E+01  -0.14730000000000001E+01   0.89999999999999993E-02   0.00000000000000000E+00   0.00000000000000000E+00   0.95113180661485774E+01
PP3F3        6   0.15000000000000000E+03  -0.99000000000000000E+02  -0.17047791594818058E+01  -0.20609999999999999E+01   0.19000000000000000E-01   0.00000000000000000E+00   0.00000000000000000E+00   0.18748465290431270E+02
PP3F3        6   0.20000000000000000E+03  -0.99000000000000000E+02  -0.16582519352845357E+01  -0.25049999999999999E+01   0.33000000000000002E-01   0.00000000000000000E+00   0.00000000000000000E+00   0.25659032264104972E+02
PP3F3        6   0.25000000000000000E+03  -0.99000000000000000E+02  -0.13492699193941875E+01  -0.27180000000000000E+01   0.45999999999999999E-01   0.00000000000000000E+00   0.00000000000000000E+00   0.29755001752300270E+02
PP3F3        6   0.30000000000000000E+03  -0.99000000000000000E+02  -0.92133243590582692E+00  -0.25470000000000002E+01   0.53999999999999999E-01   0.00000000000000000E+00   0.00000000000000000E+00   0.30104954890632836E+02
PP3F3        6   0.35000000000000000E+03  -0.99000000000000000E+02  -0.51765035293714456E+00  -0.19219999999999999E+01   0.68000000000000005E-01   0.00000000000000000E+00   0.00000000000000000E+00   0.20652200692100813E+02
PP3P2        7   0.10000000000000000E+01  -0.99000000000000000E+02   0.18856537595197616E-01   0.14000000000000000E-01   0.50000000000000001E-03   0.00000000000000000E+00   0.00000000000000000E+00   0.97130751903952319E+01
PP3P2        7   0.50000000000000000E+01  -0.99000000000000000E+02   0.29007280524920742E+00   0.21299999999999999E+00   0.10000000000000000E-02   0.00000000000000000E+00   0.00000000000000000E+00   0.77072805249207420E+02
PP3P2        7   0.10000000000000000E+02  -0.99000000000000000E+02   0.87383496797161864E+00   0.64800000000000002E+00   0.20000000000000000E-02   0.00000000000000000E+00   0.00000000000000000E+00   0.11291748398580931E+03
PP3P2        7   0.25000000000000000E+02  -0.99000000000000000E+02   0.33473625130044398E+01   0.24889999999999999E+01   0.50000000000000001E-02   0.00000000000000000E+00   0.00000000000000000E+00   0.17167250260088798E+03
PP3P2        7   0.50000000000000000E+02  -0.99000000000000000E+02   0.78901138413378353E+01   0.58540000000000001E+01   0.89999999999999993E-02   0.00000000000000000E+00   0.00000000000000000E+00   0.22623487125975950E+03
PP3P2        7   0.10000000000000000E+03  -0.99000000000000000E+02   0.14127717489914687E+02   0.10980000000000000E+02   0.17999999999999999E-01   0.00000000000000000E+00   0.00000000000000000E+00   0.17487319388414929E+03
PP3P2        7   0.15000000000000000E+03  -0.99000000000000000E+02   0.15811831038061294E+02   0.14007999999999999E+02   0.19000000000000000E-01   0.00000000000000000E+00   0.00000000000000000E+00   0.94938475687436593E+02
PP3P2        7   0.20000000000000000E+03  -0.99000000000000000E+02   0.14423451342389699E+02   0.15784000000000001E+02   0.25000000000000001E-01   0.00000000000000000E+00   0.00000000000000000E+00  -0.54421946304412074E+02
PP3P2        7   0.25000000000000000E+03  -0.99000000000000000E+02   0.11418760521154461E+02   0.16715000000000000E+02   0.32000000000000001E-01   0.00000000000000000E+00   0.00000000000000000E+00  -0.16550748371392311E+03
PP3P2        7   0.30000000000000000E+03  -0.99000000000000000E+02   0.78912470833774950E+01   0.16951000000000001E+02   0.33000000000000002E-01   0.00000000000000000E+00   0.00000000000000000E+00  -0.27453796717037892E+03
PP3P2        7   0.35000000000000000E+03  -0.99000000000000000E+02   0.46519843818933939E+01   0.16600000000000001E+02   0.29999999999999999E-01   0.00000000000000000E+00   0.00000000000000000E+00  -0.39826718727022029E+03
PPE2         8   0.10000000000000000E+01  -0.99000000000000000E+02  -0.11422136139732995E-02  -0.10000000000000000E-02   0.50000000000000001E-03   0.00000000000000000E+00   0.00000000000000000E+00  -0.28442722794659897E+00
PPE2         8   0.50000000000000000E+01  -0.99000000000000000E+02  -0.52897076653555114E-01  -0.51999999999999998E-01   0.50000000000000001E-03   0.00000000000000000E+00   0.00000000000000000E+00  -0.17941533071102327E+01
PPE2         8   0.10000000000000000E+02  -0.99000000000000000E+02  -0.20211969226609663E+00  -0.20100000000000001E+00   0.50000000000000001E-03   0.00000000000000000E+00   0.00000000000000000E+00  -0.22393845321932448E+01
PPE2         8   0.25000000000000000E+02  -0.99000000000000000E+02  -0.81352122530880744E+00  -0.81100000000000005E+00   0.10000000000000000E-02   0.00000000000000000E+00   0.00000000000000000E+00  -0.25212253088073844E+01
PPE2         8   0.50000000000000000E+02  -0.99000000000000000E+02  -0.16919716812765913E+01  -0.17080000000000000E+01   0.40000000000000001E-02   0.00000000000000000E+00   0.00000000000000000E+00   0.40070796808521765E+01
PPE2         8   0.10000000000000000E+03  -0.99000000000000000E+02  -0.24909997221756108E+01  -0.26429999999999998E+01   0.80000000000000002E-02   0.00000000000000000E+00   0.00000000000000000E+00   0.19000034728048622E+02
PPE2         8   0.15000000000000000E+03  -0.99000000000000000E+02  -0.25136559812564840E+01  -0.29129999999999998E+01   0.12000000000000000E-01   0.00000000000000000E+00   0.00000000000000000E+00   0.33278668228626316E+02
PPE2         8   0.20000000000000000E+03  -0.99000000000000000E+02  -0.22029405527104715E+01  -0.29009999999999998E+01   0.16000000000000000E-01   0.00000000000000000E+00   0.00000000000000000E+00   0.43628715455595518E+02
PPE2         8   0.25000000000000000E+03  -0.99000000000000000E+02  -0.17624510772398700E+01  -0.27029999999999998E+01   0.21999999999999999E-01   0.00000000000000000E+00   0.00000000000000000E+00   0.42752223761824084E+02
PPE2         8   0.30000000000000000E+03  -0.99000000000000000E+02  -0.12944664615555102E+01  -0.23119999999999998E+01   0.29999999999999999E-01   0.00000000000000000E+00   0.00000000000000000E+00   0.33917784614816327E+02
PPE2         8   0.35000000000000000E+03  -0.99000000000000000E+02  -0.86292088823210045E+00  -0.17300000000000000E+01   0.39000000000000000E-01   0.00000000000000000E+00   0.00000000000000000E+00   0.22232797737638450E+02
PP3F2        9   0.10000000000000000E+01  -0.99000000000000000E+02   0.95148610319058246E-05   0.00000000000000000E+00   0.50000000000000001E-03   0.00000000000000000E+00   0.00000000000000000E+00   0.19029722063811649E-01
PP3F2        9   0.50000000000000000E+01  -0.99000000000000000E+02   0.19960014315387122E-02   0.20000000000000000E-02   0.50000000000000001E-03   0.00000000000000000E+00   0.00000000000000000E+00  -0.79971369225757469E-02
PP3F2        9   0.10000000000000000E+02  -0.99000000000000000E+02   0.13691462028563348E-01   0.12999999999999999E-01   0.50000000000000001E-03   0.00000000000000000E+00   0.00000000000000000E+00   0.13829240571266963E+01
PP3F2        9   0.25000000000000000E+02  -0.99000000000000000E+02   0.10800596071534878E+00   0.10500000000000000E+00   0.50000000000000001E-03   0.00000000000000000E+00   0.00000000000000000E+00   0.60119214306975639E+01
PP3F2        9   0.50000000000000000E+02  -0.99000000000000000E+02   0.35801407828193310E+00   0.34100000000000003E+00   0.10000000000000000E-02   0.00000000000000000E+00   0.00000000000000000E+00   0.17014078281933077E+02
PP3F2        9   0.10000000000000000E+03  -0.99000000000000000E+02   0.94098465348561211E+00   0.83199999999999996E+00   0.80000000000000002E-02   0.00000000000000000E+00   0.00000000000000000E+00   0.13623081685701518E+02
PP3F2        9   0.15000000000000000E+03  -0.99000000000000000E+02   0.15227886153625452E+01   0.11919999999999999E+01   0.17000000000000001E-01   0.00000000000000000E+00   0.00000000000000000E+00   0.19458153844855602E+02
PP3F2        9   0.20000000000000000E+03  -0.99000000000000000E+02   0.19732092482938077E+01   0.13270000000000000E+01   0.21999999999999999E-01   0.00000000000000000E+00   0.00000000000000000E+00   0.29373147649718536E+02
PP3F2        9   0.25000000000000000E+03  -0.99000000000000000E+02   0.21602301863330795E+01   0.12230000000000001E+01   0.27000000000000000E-01   0.00000000000000000E+00   0.00000000000000000E+00   0.34712229123447386E+02
PP3F2        9   0.30000000000000000E+03  -0.99000000000000000E+02   0.20300570284979180E+01   0.92100000000000004E+00   0.39000000000000000E-01   0.00000000000000000E+00   0.00000000000000000E+00   0.28437359705074819E+02
PP3F2        9   0.35000000000000000E+03  -0.99000000000000000E+02   0.16410617423923468E+01   0.46100000000000002E+00   0.55000000000000000E-01   0.00000000000000000E+00   0.00000000000000000E+00   0.21455668043497212E+02
PP3F4       10   0.10000000000000000E+01  -0.99000000000000000E+02   0.20034806262167962E-06   0.00000000000000000E+00   0.50000000000000001E-03   0.00000000000000000E+00   0.00000000000000000E+00   0.40069612524335922E-03
PP3F4       10   0.50000000000000000E+01  -0.99000000000000000E+02   0.12260481139876324E-03   0.00000000000000000E+00   0.50000000000000001E-03   0.00000000000000000E+00   0.00000000000000000E+00   0.24520962279752648E+00
PP3F4       10   0.10000000000000000E+02  -0.99000000000000000E+02   0.13785248203361635E-02   0.10000000000000000E-02   0.50000000000000001E-03   0.00000000000000000E+00   0.00000000000000000E+00   0.75704964067232694E+00
PP3F4       10   0.25000000000000000E+02  -0.99000000000000000E+02   0.20646745608889881E-01   0.19000000000000000E-01   0.50000000000000001E-03   0.00000000000000000E+00   0.00000000000000000E+00   0.32934912177797622E+01
PP3F4       10   0.50000000000000000E+02  -0.99000000000000000E+02   0.11039311186004118E+00   0.10199999999999999E+00   0.10000000000000000E-02   0.00000000000000000E+00   0.00000000000000000E+00   0.83931118600411860E+01
PP3F4       10   0.10000000000000000E+03  -0.99000000000000000E+02   0.44742332596035567E+00   0.46100000000000002E+00   0.50000000000000001E-02   0.00000000000000000E+00   0.00000000000000000E+00  -0.27153348079288708E+01
PP3F4       10   0.15000000000000000E+03  -0.99000000000000000E+02   0.87556984487780654E+00   0.10129999999999999E+01   0.89999999999999993E-02   0.00000000000000000E+00   0.00000000000000000E+00  -0.15270017235799264E+02
PP3F4       10   0.20000000000000000E+03  -0.99000000000000000E+02   0.12535997117277495E+01   0.16339999999999999E+01   0.16000000000000000E-01   0.00000000000000000E+00   0.00000000000000000E+00  -0.23775018017015647E+02
PP3F4       10   0.25000000000000000E+03  -0.99000000000000000E+02   0.14591200090097471E+01   0.22000000000000002E+01   0.21999999999999999E-01   0.00000000000000000E+00   0.00000000000000000E+00  -0.33676363226829686E+02
PP3F4       10   0.30000000000000000E+03  -0.99000000000000000E+02   0.14301862059846604E+01   0.26440000000000001E+01   0.27000000000000000E-01   0.00000000000000000E+00   0.00000000000000000E+00  -0.44956066445012581E+02
PP3F4       10   0.35000000000000000E+03  -0.99000000000000000E+02   0.11924635075842496E+01   0.29700000000000002E+01   0.42000000000000003E-01   0.00000000000000000E+00   0.00000000000000000E+00  -0.42322297438470251E+02
PPE4        11   0.10000000000000000E+01  -0.99000000000000000E+02  -0.47146201657483840E-06   0.00000000000000000E+00   0.50000000000000001E-03   0.00000000000000000E+00   0.00000000000000000E+00  -0.94292403314967684E-03
PPE4        11   0.50000000000000000E+01  -0.99000000000000000E+02  -0.38086434512129593E-03   0.00000000000000000E+00   0.50000000000000001E-03   0.00000000000000000E+00   0.00000000000000000E+00  -0.76172869024259182E+00
PPE4        11   0.10000000000000000E+02  -0.99000000000000000E+02  -0.40867896938839307E-02  -0.40000000000000001E-02   0.50000000000000001E-03   0.00000000000000000E+00   0.00000000000000000E+00  -0.17357938776786130E+00
PPE4        11   0.25000000000000000E+02  -0.99000000000000000E+02  -0.49094323989416287E-01  -0.49000000000000002E-01   0.50000000000000001E-03   0.00000000000000000E+00   0.00000000000000000E+00  -0.18864797883257067E+00
PPE4        11   0.50000000000000000E+02  -0.99000000000000000E+02  -0.19490253797565329E+00  -0.19700000000000001E+00   0.50000000000000001E-03   0.00000000000000000E+00   0.00000000000000000E+00   0.41949240486934265E+01
PPE4        11   0.10000000000000000E+03  -0.99000000000000000E+02  -0.52207812016453370E+00  -0.55400000000000005E+00   0.10000000000000000E-02   0.00000000000000000E+00   0.00000000000000000E+00   0.31921879835466349E+02
PPE4        11   0.15000000000000000E+03  -0.99000000000000000E+02  -0.76384846180676735E+00  -0.87700000000000000E+00   0.30000000000000001E-02   0.00000000000000000E+00   0.00000000000000000E+00   0.37717179397744218E+02
PPE4        11   0.20000000000000000E+03  -0.99000000000000000E+02  -0.87357390153200010E+00  -0.11290000000000000E+01   0.50000000000000001E-02   0.00000000000000000E+00   0.00000000000000000E+00   0.51085219693599981E+02
PPE4        11   0.25000000000000000E+03  -0.99000000000000000E+02  -0.84619930808957844E+00  -0.13080000000000001E+01   0.60000000000000001E-02   0.00000000000000000E+00   0.00000000000000000E+00   0.76966781985070270E+02
PPE4        11   0.30000000000000000E+03  -0.99000000000000000E+02  -0.70986997939440655E+00  -0.14339999999999999E+01   0.70000000000000001E-02   0.00000000000000000E+00   0.00000000000000000E+00   0.10344714580079905E+03
PPE4        11   0.35000000000000000E+03  -0.99000000000000000E+02  -0.51717120660974303E+00  -0.15409999999999999E+01   0.10000000000000000E-01   0.00000000000000000E+00   0.00000000000000000E+00   0.10238287933902569E+03
PP3H4       12   0.10000000000000000E+01  -0.99000000000000000E+02   0.23377425577367318E-08   0.00000000000000000E+00   0.50000000000000001E-03   0.00000000000000000E+00   0.00000000000000000E+00   0.46754851154734633E-05
PP3H4       12   0.50000000000000000E+01  -0.99000000000000000E+02   0.86147131572529876E-05   0.00000000000000000E+00   0.50000000000000001E-03   0.00000000000000000E+00   0.00000000000000000E+00   0.17229426314505976E-01
PP3H4       12   0.10000000000000000E+02  -0.99000000000000000E+02   0.16872349527824489E-03   0.00000000000000000E+00   0.50000000000000001E-03   0.00000000000000000E+00   0.00000000000000000E+00   0.33744699055648980E+00
PP3H4       12   0.25000000000000000E+02  -0.99000000000000000E+02   0.41359892439019373E-02   0.40000000000000001E-02   0.50000000000000001E-03   0.00000000000000000E+00   0.00000000000000000E+00   0.27197848780387451E+00
PP3H4       12   0.50000000000000000E+02  -0.99000000000000000E+02   0.26365340558363707E-01   0.25999999999999999E-01   0.50000000000000001E-03   0.00000000000000000E+00   0.00000000000000000E+00   0.73068111672741631E+00
PP3H4       12   0.10000000000000000E+03  -0.99000000000000000E+02   0.10872194471439245E+00   0.11000000000000000E+00   0.50000000000000001E-03   0.00000000000000000E+00   0.00000000000000000E+00  -0.25561105712151031E+01
PP3H4       12   0.15000000000000000E+03  -0.99000000000000000E+02   0.20501665759623292E+00   0.22000000000000000E+00   0.20000000000000000E-02   0.00000000000000000E+00   0.00000000000000000E+00  -0.74916712018835430E+01
PP3H4       12   0.20000000000000000E+03  -0.99000000000000000E+02   0.28546900911962003E+00   0.34100000000000003E+00   0.60000000000000001E-02   0.00000000000000000E+00   0.00000000000000000E+00  -0.92551651467299987E+01
PP3H4       12   0.25000000000000000E+03  -0.99000000000000000E+02   0.32831861417846803E+00   0.46400000000000002E+00   0.12000000000000000E-01   0.00000000000000000E+00   0.00000000000000000E+00  -0.11306782151794334E+02
PP3H4       12   0.30000000000000000E+03  -0.99000000000000000E+02   0.32215669933933128E+00   0.57199999999999995E+00   0.19000000000000000E-01   0.00000000000000000E+00   0.00000000000000000E+00  -0.13149647403193089E+02
PP3H4       12   0.35000000000000000E+03  -0.99000000000000000E+02   0.27110259291585831E+00   0.65000000000000002E+00   0.25999999999999999E-01   0.00000000000000000E+00   0.00000000000000000E+00  -0.14572977195543913E+02
NP1S0       13   0.10000000000000000E+01  -0.99000000000000000E+02   0.61940051786140565E+02   0.62076999999999998E+02   0.17999999999999999E-01   0.00000000000000000E+00   0.00000000000000000E+00  -0.76082341033018652E+01
NP1S0       13   0.50000000000000000E+01  -0.99000000000000000E+02   0.63151518793089004E+02   0.63659999999999997E+02   0.43999999999999997E-01   0.00000000000000000E+00   0.00000000000000000E+00  -0.11556391066158932E+02
NP1S0       13   0.10000000000000000E+02  -0.99000000000000000E+02   0.59254482635770444E+02   0.60020000000000003E+02   0.63000000000000000E-01   0.00000000000000000E+00   0.00000000000000000E+00  -0.12151069273485071E+02
NP1S0       13   0.25000000000000000E+02  -0.99000000000000000E+02   0.49828040956283807E+02   0.51070999999999998E+02   0.99000000000000005E-01   0.00000000000000000E+00   0.00000000000000000E+00  -0.12555141855719096E+02
NP1S0       13   0.50000000000000000E+02  -0.99000000000000000E+02   0.39278916949708382E+02   0.40884999999999998E+02   0.14699999999999999E+00   0.00000000000000000E+00   0.00000000000000000E+00  -0.10925735035997389E+02
NP1S0       13   0.10000000000000000E+03  -0.99000000000000000E+02   0.26383236910888225E+02   0.27210000000000001E+02   0.23000000000000001E+00   0.00000000000000000E+00   0.00000000000000000E+00  -0.35946221265729363E+01
NP1S0       13   0.15000000000000000E+03  -0.99000000000000000E+02   0.19441151520356296E+02   0.17100000000000001E+02   0.26600000000000001E+00   0.00000000000000000E+00   0.00000000000000000E+00   0.88013215050988531E+01
NP1S0       13   0.20000000000000000E+03  -0.99000000000000000E+02   0.16624981287336865E+02   0.88300000000000001E+01   0.26700000000000002E+00   0.00000000000000000E+00   0.00000000000000000E+00   0.29194686469426461E+02
NP1S0       13   0.25000000000000000E+03  -0.99000000000000000E+02   0.16246063152503318E+02   0.19710000000000001E+01   0.28100000000000003E+00   0.00000000000000000E+00   0.00000000000000000E+00   0.50800936485776930E+02
NP1S0       13   0.30000000000000000E+03  -0.99000000000000000E+02   0.16013305402648115E+02  -0.36179999999999999E+01   0.34399999999999997E+00   0.00000000000000000E+00   0.00000000000000000E+00   0.57067748263511959E+02
NP1S0       13   0.35000000000000000E+03  -0.99000000000000000E+02   0.14342203259149269E+02  -0.80440000000000005E+01   0.45300000000000001E+00   0.00000000000000000E+00   0.00000000000000000E+00   0.49417667238740108E+02
NP1D2       14   0.10000000000000000E+01  -0.99000000000000000E+02   0.11510929977479264E-02   0.10000000000000000E-02   0.50000000000000001E-03   0.00000000000000000E+00   0.00000000000000000E+00   0.30218599549585279E+00
NP1D2       14   0.50000000000000000E+01  -0.99000000000000000E+02   0.42952957808166055E-01   0.41000000000000002E-01   0.50000000000000001E-03   0.00000000000000000E+00   0.00000000000000000E+00   0.39059156163321060E+01
NP1D2       14   0.10000000000000000E+02  -0.99000000000000000E+02   0.16376964276476674E+00   0.15500000000000000E+00   0.50000000000000001E-03   0.00000000000000000E+00   0.00000000000000000E+00   0.17539285529533487E+02
NP1D2       14   0.25000000000000000E+02  -0.99000000000000000E+02   0.73276401332571273E+00   0.67400000000000004E+00   0.10000000000000000E-02   0.00000000000000000E+00   0.00000000000000000E+00   0.58764013325712682E+02
NP1D2       14   0.50000000000000000E+02  -0.99000000000000000E+02   0.19520231198371785E+01   0.17020000000000000E+01   0.40000000000000001E-02   0.00000000000000000E+00   0.00000000000000000E+00   0.62505779959294628E+02
NP1D2       14   0.10000000000000000E+03  -0.99000000000000000E+02   0.48042185501717452E+01   0.37749999999999999E+01   0.80000000000000002E-02   0.00000000000000000E+00   0.00000000000000000E+00   0.12865231877146815E+03
NP1D2       14   0.15000000000000000E+03  -0.99000000000000000E+02   0.74286927845044497E+01   0.55709999999999997E+01   0.14000000000000000E-01   0.00000000000000000E+00   0.00000000000000000E+00   0.13269234175031787E+03
NP1D2       14   0.20000000000000000E+03  -0.99000000000000000E+02   0.89945286049125031E+01   0.71059999999999999E+01   0.21999999999999999E-01   0.00000000000000000E+00   0.00000000000000000E+00   0.85842209314204695E+02
NP1D2       14   0.25000000000000000E+03  -0.99000000000000000E+02   0.91363337684114931E+01   0.84239999999999995E+01   0.24000000000000000E-01   0.00000000000000000E+00   0.00000000000000000E+00   0.29680573683812234E+02
NP1D2       14   0.30000000000000000E+03  -0.99000000000000000E+02   0.80178877698026625E+01   0.94320000000000004E+01   0.32000000000000001E-01   0.00000000000000000E+00   0.00000000000000000E+00  -0.44191007193666806E+02
NP1D2       14   0.35000000000000000E+03  -0.99000000000000000E+02   0.61357710086464925E+01   0.99939999999999998E+01   0.53999999999999999E-01   0.00000000000000000E+00   0.00000000000000000E+00  -0.71448685025064947E+02
NP1G4       15   0.10000000000000000E+01  -0.99000000000000000E+02   0.35064675035613431E-06   0.00000000000000000E+00   0.50000000000000001E-03   0.00000000000000000E+00   0.00000000000000000E+00   0.70129350071226860E-03
NP1G4       15   0.50000000000000000E+01  -0.99000000000000000E+02   0.23918192735303389E-03   0.00000000000000000E+00   0.50000000000000001E-03   0.00000000000000000E+00   0.00000000000000000E+00   0.47836385470606779E+00
NP1G4       15   0.10000000000000000E+02  -0.99000000000000000E+02   0.26007507373785599E-02   0.20000000000000000E-02   0.50000000000000001E-03   0.00000000000000000E+00   0.00000000000000000E+00   0.12015014747571198E+01
NP1G4       15   0.25000000000000000E+02  -0.99000000000000000E+02   0.32842628578106763E-01   0.32000000000000001E-01   0.50000000000000001E-03   0.00000000000000000E+00   0.00000000000000000E+00   0.16852571562135237E+01
NP1G4       15   0.50000000000000000E+02  -0.99000000000000000E+02   0.13618212317617820E+00   0.13200000000000001E+00   0.10000000000000000E-02   0.00000000000000000E+00   0.00000000000000000E+00   0.41821231761781927E+01
NP1G4       15   0.10000000000000000E+03  -0.99000000000000000E+02   0.39602711320790684E+00   0.37000000000000000E+00   0.89999999999999993E-02   0.00000000000000000E+00   0.00000000000000000E+00   0.28919014675452055E+01
NP1G4       15   0.15000000000000000E+03  -0.99000000000000000E+02   0.64637387300213456E+00   0.60599999999999998E+00   0.29999999999999999E-01   0.00000000000000000E+00   0.00000000000000000E+00   0.13457957667378193E+01
NP1G4       15   0.20000000000000000E+03  -0.99000000000000000E+02   0.83923054710918865E+00   0.84899999999999998E+00   0.58999999999999997E-01   0.00000000000000000E+00   0.00000000000000000E+00  -0.16558394730188689E+00
NP1G4       15   0.25000000000000000E+03  -0.99000000000000000E+02   0.92821730376745271E+00   0.11190000000000000E+01   0.81000000000000003E-01   0.00000000000000000E+00   0.00000000000000000E+00  -0.23553419287968800E+01
NP1G4       15   0.30000000000000000E+03  -0.99000000000000000E+02   0.88702578770792118E+00   0.14379999999999999E+01   0.85000000000000006E-01   0.00000000000000000E+00   0.00000000000000000E+00  -0.64820495563773965E+01
NP1G4       15   0.35000000000000000E+03  -0.99000000000000000E+02   0.73086250172674883E+00   0.18290000000000000E+01   0.83000000000000004E-01   0.00000000000000000E+00   0.00000000000000000E+00  -0.13230572268352422E+02
NP3P0       16   0.10000000000000000E+01  -0.99000000000000000E+02   0.18720395828249539E+00   0.18099999999999999E+00   0.50000000000000001E-03   0.00000000000000000E+00   0.00000000000000000E+00   0.12407916564990796E+02
NP3P0       16   0.50000000000000000E+01  -0.99000000000000000E+02   0.17135115193917352E+01   0.16570000000000000E+01   0.30000000000000001E-02   0.00000000000000000E+00   0.00000000000000000E+00   0.18837173130578385E+02
NP3P0       16   0.10000000000000000E+02  -0.99000000000000000E+02   0.38816973994622312E+01   0.37540000000000000E+01   0.80000000000000002E-02   0.00000000000000000E+00   0.00000000000000000E+00   0.15962174932778906E+02
NP3P0       16   0.25000000000000000E+02  -0.99000000000000000E+02   0.86873429747373407E+01   0.84789999999999992E+01   0.21000000000000001E-01   0.00000000000000000E+00   0.00000000000000000E+00   0.99210940351115013E+01
NP3P0       16   0.50000000000000000E+02  -0.99000000000000000E+02   0.10971287221093004E+02   0.11300000000000001E+02   0.33000000000000002E-01   0.00000000000000000E+00   0.00000000000000000E+00  -0.99609933002120297E+01
NP3P0       16   0.10000000000000000E+03  -0.99000000000000000E+02   0.56787157203980891E+01   0.91400000000000006E+01   0.57000000000000002E-01   0.00000000000000000E+00   0.00000000000000000E+00  -0.60724285607051073E+02
NP3P0       16   0.15000000000000000E+03  -0.99000000000000000E+02  -0.41730642554231627E+01   0.43360000000000003E+01   0.66000000000000003E-01   0.00000000000000000E+00   0.00000000000000000E+00  -0.12892521599126002E+03
NP3P0       16   0.20000000000000000E+03  -0.99000000000000000E+02  -0.15496994993833907E+02  -0.79600000000000004E+00   0.62000000000000000E-01   0.00000000000000000E+00   0.00000000000000000E+00  -0.23711282248119207E+03
NP3P0       16   0.25000000000000000E+03  -0.99000000000000000E+02  -0.27006883612168973E+02  -0.57489999999999997E+01   0.64000000000000001E-01   0.00000000000000000E+00   0.00000000000000000E+00  -0.33215443144014023E+03
NP3P0       16   0.30000000000000000E+03  -0.99000000000000000E+02  -0.37504576828488524E+02  -0.10324999999999999E+02   0.90999999999999998E-01   0.00000000000000000E+00   0.00000000000000000E+00  -0.29867666844492885E+03
NP3P0       16   0.35000000000000000E+03  -0.99000000000000000E+02  -0.45203275621527027E+02  -0.14349000000000000E+02   0.14499999999999999E+00   0.00000000000000000E+00   0.00000000000000000E+00  -0.21278810773466915E+03
NP3P1       17   0.10000000000000000E+01  -0.99000000000000000E+02  -0.10106048180710368E+00  -0.10700000000000000E+00   0.50000000000000001E-03   0.00000000000000000E+00   0.00000000000000000E+00   0.11879036385792629E+02
NP3P1       17   0.50000000000000000E+01  -0.99000000000000000E+02  -0.86204089915948601E+00  -0.93300000000000005E+00   0.10000000000000000E-02   0.00000000000000000E+00   0.00000000000000000E+00   0.70959100840514040E+02
NP3P1       17   0.10000000000000000E+02  -0.99000000000000000E+02  -0.18700021893238463E+01  -0.20569999999999999E+01   0.20000000000000000E-02   0.00000000000000000E+00   0.00000000000000000E+00   0.93498905338076810E+02
NP3P1       17   0.25000000000000000E+02  -0.99000000000000000E+02  -0.42883009869182311E+01  -0.48769999999999998E+01   0.60000000000000001E-02   0.00000000000000000E+00   0.00000000000000000E+00   0.98116502180294773E+02
NP3P1       17   0.50000000000000000E+02  -0.99000000000000000E+02  -0.72043200432751204E+01  -0.83179999999999996E+01   0.12999999999999999E-01   0.00000000000000000E+00   0.00000000000000000E+00   0.85667688978836864E+02
NP3P1       17   0.10000000000000000E+03  -0.99000000000000000E+02  -0.12721021943117476E+02  -0.13571000000000000E+02   0.19000000000000000E-01   0.00000000000000000E+00   0.00000000000000000E+00   0.44735687204343357E+02
NP3P1       17   0.15000000000000000E+03  -0.99000000000000000E+02  -0.19437589296334004E+02  -0.18033999999999999E+02   0.25000000000000001E-01   0.00000000000000000E+00   0.00000000000000000E+00  -0.56143571853360186E+02
NP3P1       17   0.20000000000000000E+03  -0.99000000000000000E+02  -0.27212559434503902E+02  -0.21957999999999998E+02   0.36999999999999998E-01   0.00000000000000000E+00   0.00000000000000000E+00  -0.14201511985145686E+03
NP3P1       17   0.25000000000000000E+03  -0.99000000000000000E+02  -0.35244323243890975E+02  -0.25375000000000000E+02   0.50999999999999997E-01   0.00000000000000000E+00   0.00000000000000000E+00  -0.19351614203707794E+03
NP3P1       17   0.30000000000000000E+03  -0.99000000000000000E+02  -0.42250297455771864E+02  -0.28308000000000000E+02   0.65000000000000002E-01   0.00000000000000000E+00   0.00000000000000000E+00  -0.21449688393495177E+03
NP3P1       17   0.35000000000000000E+03  -0.99000000000000000E+02  -0.46143147240369018E+02  -0.30747000000000000E+02   0.75999999999999998E-01   0.00000000000000000E+00   0.00000000000000000E+00  -0.20258088474169762E+03
NP3F3       18   0.10000000000000000E+01  -0.99000000000000000E+02  -0.25468994050540623E-04   0.00000000000000000E+00   0.50000000000000001E-03   0.00000000000000000E+00   0.00000000000000000E+00  -0.50937988101081244E-01
NP3F3       18   0.50000000000000000E+01  -0.99000000000000000E+02  -0.41111160643974845E-02  -0.40000000000000001E-02   0.50000000000000001E-03   0.00000000000000000E+00   0.00000000000000000E+00  -0.22223212879496876E+00
NP3F3       18   0.10000000000000000E+02  -0.99000000000000000E+02  -0.26643262312089695E-01  -0.25999999999999999E-01   0.50000000000000001E-03   0.00000000000000000E+00   0.00000000000000000E+00  -0.12865246241793928E+01
NP3F3       18   0.25000000000000000E+02  -0.99000000000000000E+02  -0.19694265314155576E+00  -0.19800000000000001E+00   0.50000000000000001E-03   0.00000000000000000E+00   0.00000000000000000E+00   0.21146937168884938E+01
NP3F3       18   0.50000000000000000E+02  -0.99000000000000000E+02  -0.60054553931090215E+00  -0.61099999999999999E+00   0.20000000000000000E-02   0.00000000000000000E+00   0.00000000000000000E+00   0.52272303445489161E+01
NP3F3       18   0.10000000000000000E+03  -0.99000000000000000E+02  -0.12706150386796733E+01  -0.13810000000000000E+01   0.89999999999999993E-02   0.00000000000000000E+00   0.00000000000000000E+00   0.12264995702258524E+02
NP3F3       18   0.15000000000000000E+03  -0.99000000000000000E+02  -0.15721409874274201E+01  -0.20040000000000000E+01   0.20000000000000000E-01   0.00000000000000000E+00   0.00000000000000000E+00   0.21592950628628991E+02
NP3F3       18   0.20000000000000000E+03  -0.99000000000000000E+02  -0.15264498664332811E+01  -0.25089999999999999E+01   0.33000000000000002E-01   0.00000000000000000E+00   0.00000000000000000E+00   0.29774246471718751E+02
NP3F3       18   0.25000000000000000E+03  -0.99000000000000000E+02  -0.12319114573467214E+01  -0.27810000000000001E+01   0.45999999999999999E-01   0.00000000000000000E+00   0.00000000000000000E+00   0.33675837883766931E+02
NP3F3       18   0.30000000000000000E+03  -0.99000000000000000E+02  -0.82857994798086121E+00  -0.26490000000000000E+01   0.53999999999999999E-01   0.00000000000000000E+00   0.00000000000000000E+00   0.33711482444798868E+02
NP3F3       18   0.35000000000000000E+03  -0.99000000000000000E+02  -0.45367009792588414E+00  -0.20400000000000000E+01   0.69000000000000006E-01   0.00000000000000000E+00   0.00000000000000000E+00   0.22990288435856751E+02
NP3P2       19   0.10000000000000000E+01  -0.99000000000000000E+02   0.30299222108366011E-01   0.21999999999999999E-01   0.50000000000000001E-03   0.00000000000000000E+00   0.00000000000000000E+00   0.16598444216732023E+02
NP3P2       19   0.50000000000000000E+01  -0.99000000000000000E+02   0.34465122770439666E+00   0.25800000000000001E+00   0.10000000000000000E-02   0.00000000000000000E+00   0.00000000000000000E+00   0.86651227704396646E+02
NP3P2       19   0.10000000000000000E+02  -0.99000000000000000E+02   0.96690543834486542E+00   0.72699999999999998E+00   0.20000000000000000E-02   0.00000000000000000E+00   0.00000000000000000E+00   0.11995271917243272E+03
NP3P2       19   0.25000000000000000E+02  -0.99000000000000000E+02   0.34982380663593902E+01   0.26269999999999998E+01   0.50000000000000001E-02   0.00000000000000000E+00   0.00000000000000000E+00   0.17424761327187807E+03
NP3P2       19   0.50000000000000000E+02  -0.99000000000000000E+02   0.80442609042793638E+01   0.60110000000000001E+01   0.89999999999999993E-02   0.00000000000000000E+00   0.00000000000000000E+00   0.22591787825326264E+03
NP3P2       19   0.10000000000000000E+03  -0.99000000000000000E+02   0.14156868538553397E+02   0.11061999999999999E+02   0.17999999999999999E-01   0.00000000000000000E+00   0.00000000000000000E+00   0.17193714103074430E+03
NP3P2       19   0.15000000000000000E+03  -0.99000000000000000E+02   0.15704881035306183E+02   0.14004000000000000E+02   0.20000000000000000E-01   0.00000000000000000E+00   0.00000000000000000E+00   0.85044051765309177E+02
NP3P2       19   0.20000000000000000E+03  -0.99000000000000000E+02   0.14226590994630907E+02   0.15696999999999999E+02   0.25999999999999999E-01   0.00000000000000000E+00   0.00000000000000000E+00  -0.56554192514195847E+02
NP3P2       19   0.25000000000000000E+03  -0.99000000000000000E+02   0.11181902321232213E+02   0.16542000000000002E+02   0.32000000000000001E-01   0.00000000000000000E+00   0.00000000000000000E+00  -0.16750305246149338E+03
NP3P2       19   0.30000000000000000E+03  -0.99000000000000000E+02   0.76582221438830249E+01   0.16696999999999999E+02   0.33000000000000002E-01   0.00000000000000000E+00   0.00000000000000000E+00  -0.27390235927627191E+03
NP3P2       19   0.35000000000000000E+03  -0.99000000000000000E+02   0.44572108158150412E+01   0.16280000000000001E+02   0.29999999999999999E-01   0.00000000000000000E+00   0.00000000000000000E+00  -0.39409297280616533E+03
NPE2        20   0.10000000000000000E+01  -0.99000000000000000E+02  -0.13136263530047535E-02  -0.10000000000000000E-02   0.50000000000000001E-03   0.00000000000000000E+00   0.00000000000000000E+00  -0.62725270600950689E+00
NPE2        20   0.50000000000000000E+01  -0.99000000000000000E+02  -0.48966343556355735E-01  -0.48000000000000001E-01   0.50000000000000001E-03   0.00000000000000000E+00   0.00000000000000000E+00  -0.19326871127114675E+01
NPE2        20   0.10000000000000000E+02  -0.99000000000000000E+02  -0.18427446836196065E+00  -0.18400000000000000E+00   0.50000000000000001E-03   0.00000000000000000E+00   0.00000000000000000E+00  -0.54893672392131165E+00
NPE2        20   0.25000000000000000E+02  -0.99000000000000000E+02  -0.75454594417850751E+00  -0.76300000000000001E+00   0.10000000000000000E-02   0.00000000000000000E+00   0.00000000000000000E+00   0.84540558214925010E+01
NPE2        20   0.50000000000000000E+02  -0.99000000000000000E+02  -0.16027944307465998E+01  -0.16610000000000000E+01   0.40000000000000001E-02   0.00000000000000000E+00   0.00000000000000000E+00   0.14551392313350064E+02
NPE2        20   0.10000000000000000E+03  -0.99000000000000000E+02  -0.24010957388593983E+01  -0.26650000000000000E+01   0.80000000000000002E-02   0.00000000000000000E+00   0.00000000000000000E+00   0.32988032642575213E+02
NPE2        20   0.15000000000000000E+03  -0.99000000000000000E+02  -0.24402809194105290E+01  -0.29820000000000002E+01   0.12000000000000000E-01   0.00000000000000000E+00   0.00000000000000000E+00   0.45143256715789263E+02
NPE2        20   0.20000000000000000E+03  -0.99000000000000000E+02  -0.21447492595767250E+01  -0.29710000000000001E+01   0.17000000000000001E-01   0.00000000000000000E+00   0.00000000000000000E+00   0.48602984730780882E+02
NPE2        20   0.25000000000000000E+03  -0.99000000000000000E+02  -0.17156065841833026E+01  -0.27480000000000002E+01   0.21999999999999999E-01   0.00000000000000000E+00   0.00000000000000000E+00   0.46926973446213530E+02
NPE2        20   0.30000000000000000E+03  -0.99000000000000000E+02  -0.12563267002401670E+01  -0.23279999999999998E+01   0.29999999999999999E-01   0.00000000000000000E+00   0.00000000000000000E+00   0.35722443325327760E+02
NPE2        20   0.35000000000000000E+03  -0.99000000000000000E+02  -0.83243996570713485E+00  -0.17270000000000001E+01   0.40000000000000001E-01   0.00000000000000000E+00   0.00000000000000000E+00   0.22364000857321631E+02
NP3F2       21   0.10000000000000000E+01  -0.99000000000000000E+02   0.94776858504623733E-05   0.00000000000000000E+00   0.50000000000000001E-03   0.00000000000000000E+00   0.00000000000000000E+00   0.18955371700924747E-01
NP3F2       21   0.50000000000000000E+01  -0.99000000000000000E+02   0.16373791893169534E-02   0.20000000000000000E-02   0.50000000000000001E-03   0.00000000000000000E+00   0.00000000000000000E+00  -0.72524162136609327E+00
NP3F2       21   0.10000000000000000E+02  -0.99000000000000000E+02   0.11255957123047087E-01   0.10999999999999999E-01   0.50000000000000001E-03   0.00000000000000000E+00   0.00000000000000000E+00   0.51191424609417502E+00
NP3F2       21   0.25000000000000000E+02  -0.99000000000000000E+02   0.93057710892010273E-01   0.90999999999999998E-01   0.50000000000000001E-03   0.00000000000000000E+00   0.00000000000000000E+00   0.41154217840205511E+01
NP3F2       21   0.50000000000000000E+02  -0.99000000000000000E+02   0.32300204228571977E+00   0.30800000000000000E+00   0.20000000000000000E-02   0.00000000000000000E+00   0.00000000000000000E+00   0.75010211428598872E+01
NP3F2       21   0.10000000000000000E+03  -0.99000000000000000E+02   0.88505348238711312E+00   0.77500000000000002E+00   0.89999999999999993E-02   0.00000000000000000E+00   0.00000000000000000E+00   0.12228164709679234E+02
NP3F2       21   0.15000000000000000E+03  -0.99000000000000000E+02   0.14584492046709572E+01   0.11100000000000001E+01   0.17000000000000001E-01   0.00000000000000000E+00   0.00000000000000000E+00   0.20497012039468061E+02
NP3F2       21   0.20000000000000000E+03  -0.99000000000000000E+02   0.19059676411817734E+01   0.12120000000000000E+01   0.21999999999999999E-01   0.00000000000000000E+00   0.00000000000000000E+00   0.31543983690080612E+02
NP3F2       21   0.25000000000000000E+03  -0.99000000000000000E+02   0.20941985127940597E+01   0.10740000000000001E+01   0.28000000000000001E-01   0.00000000000000000E+00   0.00000000000000000E+00   0.36435661171216417E+02
NP3F2       21   0.30000000000000000E+03  -0.99000000000000000E+02   0.19693261968776701E+01   0.74399999999999999E+00   0.40000000000000001E-01   0.00000000000000000E+00   0.00000000000000000E+00   0.30633154921941752E+02
NP3F2       21   0.35000000000000000E+03  -0.99000000000000000E+02   0.15896449220107423E+01   0.26000000000000001E+00   0.56000000000000001E-01   0.00000000000000000E+00   0.00000000000000000E+00   0.23743659321620395E+02
NP3F4       22   0.10000000000000000E+01  -0.99000000000000000E+02   0.22635189293586613E-06   0.00000000000000000E+00   0.50000000000000001E-03   0.00000000000000000E+00   0.00000000000000000E+00   0.45270378587173226E-03
NP3F4       22   0.50000000000000000E+01  -0.99000000000000000E+02   0.10028488448920837E-03   0.00000000000000000E+00   0.50000000000000001E-03   0.00000000000000000E+00   0.00000000000000000E+00   0.20056976897841675E+00
NP3F4       22   0.10000000000000000E+02  -0.99000000000000000E+02   0.11192241696056113E-02   0.10000000000000000E-02   0.50000000000000001E-03   0.00000000000000000E+00   0.00000000000000000E+00   0.23844833921122252E+00
NP3F4       22   0.25000000000000000E+02  -0.99000000000000000E+02   0.17658131953517706E-01   0.16000000000000000E-01   0.50000000000000001E-03   0.00000000000000000E+00   0.00000000000000000E+00   0.33162639070354119E+01
NP3F4       22   0.50000000000000000E+02  -0.99000000000000000E+02   0.99591842902134270E-01   0.91999999999999998E-01   0.10000000000000000E-02   0.00000000000000000E+00   0.00000000000000000E+00   0.75918429021342710E+01
NP3F4       22   0.10000000000000000E+03  -0.99000000000000000E+02   0.42268807704391770E+00   0.43700000000000000E+00   0.50000000000000001E-02   0.00000000000000000E+00   0.00000000000000000E+00  -0.28623845912164603E+01
NP3F4       22   0.15000000000000000E+03  -0.99000000000000000E+02   0.84306058801996886E+00   0.97099999999999997E+00   0.10000000000000000E-01   0.00000000000000000E+00   0.00000000000000000E+00  -0.12793941198003111E+02
NP3F4       22   0.20000000000000000E+03  -0.99000000000000000E+02   0.12177913526660749E+01   0.15629999999999999E+01   0.16000000000000000E-01   0.00000000000000000E+00   0.00000000000000000E+00  -0.21575540458370316E+02
NP3F4       22   0.25000000000000000E+03  -0.99000000000000000E+02   0.14227581761853028E+01   0.20960000000000001E+01   0.21999999999999999E-01   0.00000000000000000E+00   0.00000000000000000E+00  -0.30601901082486243E+02
NP3F4       22   0.30000000000000000E+03  -0.99000000000000000E+02   0.13953895635184412E+01   0.25129999999999999E+01   0.27000000000000000E-01   0.00000000000000000E+00   0.00000000000000000E+00  -0.41392979128946621E+02
NP3F4       22   0.35000000000000000E+03  -0.99000000000000000E+02   0.11615600286317367E+01   0.28220000000000001E+01   0.42999999999999997E-01   0.00000000000000000E+00   0.00000000000000000E+00  -0.38614883055075893E+02
NPE4        23   0.10000000000000000E+01  -0.99000000000000000E+02  -0.39305211726347319E-06   0.00000000000000000E+00   0.50000000000000001E-03   0.00000000000000000E+00   0.00000000000000000E+00  -0.78610423452694640E-03
NPE4        23   0.50000000000000000E+01  -0.99000000000000000E+02  -0.27231688949590200E-03   0.00000000000000000E+00   0.50000000000000001E-03   0.00000000000000000E+00   0.00000000000000000E+00  -0.54463377899180399E+00
NPE4        23   0.10000000000000000E+02  -0.99000000000000000E+02  -0.30098002601956228E-02  -0.30000000000000001E-02   0.50000000000000001E-03   0.00000000000000000E+00   0.00000000000000000E+00  -0.19600520391245546E-01
NPE4        23   0.25000000000000000E+02  -0.99000000000000000E+02  -0.39322081057799316E-01  -0.39000000000000000E-01   0.50000000000000001E-03   0.00000000000000000E+00   0.00000000000000000E+00  -0.64416211559863157E+00
NPE4        23   0.50000000000000000E+02  -0.99000000000000000E+02  -0.16698975862123386E+00  -0.17000000000000001E+00   0.50000000000000001E-03   0.00000000000000000E+00   0.00000000000000000E+00   0.60204827575323083E+01
NPE4        23   0.10000000000000000E+03  -0.99000000000000000E+02  -0.47266823528800017E+00  -0.50600000000000001E+00   0.10000000000000000E-02   0.00000000000000000E+00   0.00000000000000000E+00   0.33331764711999831E+02
NPE4        23   0.15000000000000000E+03  -0.99000000000000000E+02  -0.70852491948297647E+00  -0.82899999999999996E+00   0.30000000000000001E-02   0.00000000000000000E+00   0.00000000000000000E+00   0.40158360172341162E+02
NPE4        23   0.20000000000000000E+03  -0.99000000000000000E+02  -0.82092790829016671E+00  -0.10950000000000000E+01   0.50000000000000001E-02   0.00000000000000000E+00   0.00000000000000000E+00   0.54814418341966650E+02
NPE4        23   0.25000000000000000E+03  -0.99000000000000000E+02  -0.80100634998947728E+00  -0.12949999999999999E+01   0.60000000000000001E-02   0.00000000000000000E+00   0.00000000000000000E+00   0.82332275001753771E+02
NPE4        23   0.30000000000000000E+03  -0.99000000000000000E+02  -0.67440004051775693E+00  -0.14440000000000000E+01   0.70000000000000001E-02   0.00000000000000000E+00   0.00000000000000000E+00   0.10994285135460615E+03
NPE4        23   0.35000000000000000E+03  -0.99000000000000000E+02  -0.49177102618561086E+00  -0.15710000000000000E+01   0.10000000000000000E-01   0.00000000000000000E+00   0.00000000000000000E+00   0.10792289738143891E+03
NP3H4       24   0.10000000000000000E+01  -0.99000000000000000E+02   0.16124409692026817E-08   0.00000000000000000E+00   0.50000000000000001E-03   0.00000000000000000E+00   0.00000000000000000E+00   0.32248819384053634E-05
NP3H4       24   0.50000000000000000E+01  -0.99000000000000000E+02   0.52399100327639530E-05   0.00000000000000000E+00   0.50000000000000001E-03   0.00000000000000000E+00   0.00000000000000000E+00   0.10479820065527905E-01
NP3H4       24   0.10000000000000000E+02  -0.99000000000000000E+02   0.10772457174880190E-03   0.00000000000000000E+00   0.50000000000000001E-03   0.00000000000000000E+00   0.00000000000000000E+00   0.21544914349760377E+00
NP3H4       24   0.25000000000000000E+02  -0.99000000000000000E+02   0.29678529679584916E-02   0.30000000000000001E-02   0.50000000000000001E-03   0.00000000000000000E+00   0.00000000000000000E+00  -0.64294064083016994E-01
NP3H4       24   0.50000000000000000E+02  -0.99000000000000000E+02   0.20752858407283022E-01   0.21000000000000001E-01   0.50000000000000001E-03   0.00000000000000000E+00   0.00000000000000000E+00  -0.49428318543395799E+00
NP3H4       24   0.10000000000000000E+03  -0.99000000000000000E+02   0.92619665398665466E-01   0.92999999999999999E-01   0.50000000000000001E-03   0.00000000000000000E+00   0.00000000000000000E+00  -0.76066920266906757E+00
NP3H4       24   0.15000000000000000E+03  -0.99000000000000000E+02   0.18145362974268958E+00   0.19400000000000001E+00   0.20000000000000000E-02   0.00000000000000000E+00   0.00000000000000000E+00  -0.62731851286552116E+01
NP3H4       24   0.20000000000000000E+03  -0.99000000000000000E+02   0.25848865276525873E+00   0.30900000000000000E+00   0.60000000000000001E-02   0.00000000000000000E+00   0.00000000000000000E+00  -0.84185578724568781E+01
NP3H4       24   0.25000000000000000E+03  -0.99000000000000000E+02   0.30166915842302289E+00   0.42299999999999999E+00   0.12000000000000000E-01   0.00000000000000000E+00   0.00000000000000000E+00  -0.10110903464748091E+02
NP3H4       24   0.30000000000000000E+03  -0.99000000000000000E+02   0.29882356843097796E+00   0.51800000000000002E+00   0.19000000000000000E-01   0.00000000000000000E+00   0.00000000000000000E+00  -0.11535601661527476E+02
NP3H4       24   0.35000000000000000E+03  -0.99000000000000000E+02   0.25292973291887927E+00   0.57799999999999996E+00   0.25999999999999999E-01   0.00000000000000000E+00   0.00000000000000000E+00  -0.12502702580043104E+02
NP1P1       25   0.10000000000000000E+01  -0.99000000000000000E+02  -0.19003564860353647E+00  -0.18600000000000000E+00   0.50000000000000001E-03   0.00000000000000000E+00   0.00000000000000000E+00  -0.80712972070729467E+01
NP1P1       25   0.50000000000000000E+01  -0.99000000000000000E+02  -0.15064746695012841E+01  -0.14940000000000000E+01   0.40000000000000001E-02   0.00000000000000000E+00   0.00000000000000000E+00  -0.31186673753210159E+01
NP1P1       25   0.10000000000000000E+02  -0.99000000000000000E+02  -0.30759683437324803E+01  -0.30619999999999998E+01   0.10000000000000000E-01   0.00000000000000000E+00   0.00000000000000000E+00  -0.13968343732480459E+01
NP1P1       25   0.25000000000000000E+02  -0.99000000000000000E+02  -0.63318818454986703E+01  -0.63570000000000002E+01   0.33000000000000002E-01   0.00000000000000000E+00   0.00000000000000000E+00   0.76115619700999770E+00
NP1P1       25   0.50000000000000000E+02  -0.99000000000000000E+02  -0.94916396443307001E+01  -0.96630000000000003E+01   0.69000000000000006E-01   0.00000000000000000E+00   0.00000000000000000E+00   0.24834834154971039E+01
NP1P1       25   0.10000000000000000E+03  -0.99000000000000000E+02  -0.13947067057334133E+02  -0.14207000000000001E+02   0.10600000000000000E+00   0.00000000000000000E+00   0.00000000000000000E+00   0.24521975723195104E+01
NP1P1       25   0.15000000000000000E+03  -0.99000000000000000E+02  -0.18418301593635931E+02  -0.17977000000000000E+02   0.11899999999999999E+00   0.00000000000000000E+00   0.00000000000000000E+00  -0.37084167532431160E+01
NP1P1       25   0.20000000000000000E+03  -0.99000000000000000E+02  -0.23048928017583048E+02  -0.21234999999999999E+02   0.14399999999999999E+00   0.00000000000000000E+00   0.00000000000000000E+00  -0.12596722344326727E+02
NP1P1       25   0.25000000000000000E+03  -0.99000000000000000E+02  -0.27090486865221560E+02  -0.24030000000000001E+02   0.18500000000000000E+00   0.00000000000000000E+00   0.00000000000000000E+00  -0.16543172244440861E+02
NP1P1       25   0.30000000000000000E+03  -0.99000000000000000E+02  -0.29264970773138419E+02  -0.26417999999999999E+02   0.22600000000000001E+00   0.00000000000000000E+00   0.00000000000000000E+00  -0.12597215810346990E+02
NP1P1       25   0.35000000000000000E+03  -0.99000000000000000E+02  -0.27954604773680380E+02  -0.28417999999999999E+02   0.26100000000000001E+00   0.00000000000000000E+00   0.00000000000000000E+00   0.17754606372399204E+01
NP1F3       26   0.10000000000000000E+01  -0.99000000000000000E+02  -0.76863468473757697E-04   0.00000000000000000E+00   0.50000000000000001E-03   0.00000000000000000E+00   0.00000000000000000E+00  -0.15372693694751538E+00
NP1F3       26   0.50000000000000000E+01  -0.99000000000000000E+02  -0.11202485755780327E-01  -0.10000000000000000E-01   0.50000000000000001E-03   0.00000000000000000E+00   0.00000000000000000E+00  -0.24049715115606536E+01
NP1F3       26   0.10000000000000000E+02  -0.99000000000000000E+02  -0.66567703216103252E-01  -0.64000000000000001E-01   0.50000000000000001E-03   0.00000000000000000E+00   0.00000000000000000E+00  -0.51354064322065014E+01
NP1F3       26   0.25000000000000000E+02  -0.99000000000000000E+02  -0.42202575803062103E+00  -0.42099999999999999E+00   0.50000000000000001E-03   0.00000000000000000E+00   0.00000000000000000E+00  -0.20515160612420980E+01
NP1F3       26   0.50000000000000000E+02  -0.99000000000000000E+02  -0.11318950165422101E+01  -0.11419999999999999E+01   0.30000000000000001E-02   0.00000000000000000E+00   0.00000000000000000E+00   0.33683278192632540E+01
NP1F3       26   0.10000000000000000E+03  -0.99000000000000000E+02  -0.21636942128416656E+01  -0.23039999999999998E+01   0.21999999999999999E-01   0.00000000000000000E+00   0.00000000000000000E+00   0.63775357799242816E+01
NP1F3       26   0.15000000000000000E+03  -0.99000000000000000E+02  -0.26419519541614456E+01  -0.31779999999999999E+01   0.55000000000000000E-01   0.00000000000000000E+00   0.00000000000000000E+00   0.97463281061555342E+01
NP1F3       26   0.20000000000000000E+03  -0.99000000000000000E+02  -0.26698781020396707E+01  -0.39529999999999998E+01   0.85999999999999993E-01   0.00000000000000000E+00   0.00000000000000000E+00   0.14920022069306155E+02
NP1F3       26   0.25000000000000000E+03  -0.99000000000000000E+02  -0.23478670702804507E+01  -0.46719999999999997E+01   0.10199999999999999E+00   0.00000000000000000E+00   0.00000000000000000E+00   0.22785616958034794E+02
NP1F3       26   0.30000000000000000E+03  -0.99000000000000000E+02  -0.18089273327178019E+01  -0.52830000000000004E+01   0.10400000000000000E+00   0.00000000000000000E+00   0.00000000000000000E+00   0.33404544877713448E+02
NP1F3       26   0.35000000000000000E+03  -0.99000000000000000E+02  -0.12131756723508897E+01  -0.57039999999999997E+01   0.12500000000000000E+00   0.00000000000000000E+00   0.00000000000000000E+00   0.35926594621192876E+02
NP3D2       27   0.10000000000000000E+01  -0.99000000000000000E+02   0.60348757425523524E-02   0.60000000000000001E-02   0.50000000000000001E-03   0.00000000000000000E+00   0.00000000000000000E+00   0.69751485104704511E-01
NP3D2       27   0.50000000000000000E+01  -0.99000000000000000E+02   0.22410571773825735E+00   0.21900000000000000E+00   0.50000000000000001E-03   0.00000000000000000E+00   0.00000000000000000E+00   0.10211435476514707E+02
NP3D2       27   0.10000000000000000E+02  -0.99000000000000000E+02   0.85442255716787607E+00   0.84699999999999998E+00   0.10000000000000000E-02   0.00000000000000000E+00   0.00000000000000000E+00   0.74225571678760982E+01
NP3D2       27   0.25000000000000000E+02  -0.99000000000000000E+02   0.37506480554368795E+01   0.37290000000000001E+01   0.80000000000000002E-02   0.00000000000000000E+00   0.00000000000000000E+00   0.27060069296099276E+01
NP3D2       27   0.50000000000000000E+02  -0.99000000000000000E+02   0.91117700917263829E+01   0.90570000000000004E+01   0.27000000000000000E-01   0.00000000000000000E+00   0.00000000000000000E+00   0.20285219157919436E+01
NP3D2       27   0.10000000000000000E+03  -0.99000000000000000E+02   0.17542065630238092E+02   0.17387000000000000E+02   0.49000000000000002E-01   0.00000000000000000E+00   0.00000000000000000E+00   0.31646046987365613E+01
NP3D2       27   0.15000000000000000E+03  -0.99000000000000000E+02   0.21610412055215036E+02   0.21962000000000000E+02   0.66000000000000003E-01   0.00000000000000000E+00   0.00000000000000000E+00  -0.53270900724994465E+01
NP3D2       27   0.20000000000000000E+03  -0.99000000000000000E+02   0.21851906915823779E+02   0.24016999999999999E+02   0.85000000000000006E-01   0.00000000000000000E+00   0.00000000000000000E+00  -0.25471683343249648E+02
NP3D2       27   0.25000000000000000E+03  -0.99000000000000000E+02   0.19455251872635465E+02   0.24846000000000000E+02   0.96000000000000002E-01   0.00000000000000000E+00   0.00000000000000000E+00  -0.56153626326713905E+02
NP3D2       27   0.30000000000000000E+03  -0.99000000000000000E+02   0.15583358968442754E+02   0.25324000000000002E+02   0.11400000000000000E+00   0.00000000000000000E+00   0.00000000000000000E+00  -0.85444219575063570E+02
NP3D2       27   0.35000000000000000E+03  -0.99000000000000000E+02   0.11225808962972348E+02   0.25949999999999999E+02   0.18900000000000000E+00   0.00000000000000000E+00   0.00000000000000000E+00  -0.77905772682685992E+02
NP3G4       28   0.10000000000000000E+01  -0.99000000000000000E+02   0.20375601490750462E-05   0.00000000000000000E+00   0.50000000000000001E-03   0.00000000000000000E+00   0.00000000000000000E+00   0.40751202981500921E-02
NP3G4       28   0.50000000000000000E+01  -0.99000000000000000E+02   0.13080520923648249E-02   0.10000000000000000E-02   0.50000000000000001E-03   0.00000000000000000E+00   0.00000000000000000E+00   0.61610418472964967E+00
NP3G4       28   0.10000000000000000E+02  -0.99000000000000000E+02   0.13762242243794144E-01   0.12000000000000000E-01   0.50000000000000001E-03   0.00000000000000000E+00   0.00000000000000000E+00   0.35244844875882868E+01
NP3G4       28   0.25000000000000000E+02  -0.99000000000000000E+02   0.17065982000345070E+00   0.17000000000000001E+00   0.50000000000000001E-03   0.00000000000000000E+00   0.00000000000000000E+00   0.13196400069013792E+01
NP3G4       28   0.50000000000000000E+02  -0.99000000000000000E+02   0.71851711306971544E+00   0.72699999999999998E+00   0.10000000000000000E-02   0.00000000000000000E+00   0.00000000000000000E+00  -0.84828869302845380E+01
NP3G4       28   0.10000000000000000E+03  -0.99000000000000000E+02   0.20949623551798435E+01   0.22480000000000002E+01   0.10000000000000000E-01   0.00000000000000000E+00   0.00000000000000000E+00  -0.15303764482015669E+02
NP3G4       28   0.15000000000000000E+03  -0.99000000000000000E+02   0.32618031958785276E+01   0.38919999999999999E+01   0.33000000000000002E-01   0.00000000000000000E+00   0.00000000000000000E+00  -0.19096872852165827E+02
NP3G4       28   0.20000000000000000E+03  -0.99000000000000000E+02   0.39258919186759127E+01   0.54840000000000000E+01   0.57000000000000002E-01   0.00000000000000000E+00   0.00000000000000000E+00  -0.27335229496913811E+02
NP3G4       28   0.25000000000000000E+03  -0.99000000000000000E+02   0.39815015905849647E+01   0.68849999999999998E+01   0.70000000000000007E-01   0.00000000000000000E+00   0.00000000000000000E+00  -0.41478548705929072E+02
NP3G4       28   0.30000000000000000E+03  -0.99000000000000000E+02   0.34917452332006942E+01   0.79859999999999998E+01   0.78000000000000000E-01   0.00000000000000000E+00   0.00000000000000000E+00  -0.57618650856401352E+02
NP3G4       28   0.35000000000000000E+03  -0.99000000000000000E+02   0.26599847729071913E+01   0.87289999999999992E+01   0.10400000000000000E+00   0.00000000000000000E+00   0.00000000000000000E+00  -0.58355915645123154E+02
NP3S1       29   0.10000000000000000E+01  -0.99000000000000000E+02  -0.32381950445792690E+02  -0.32353000000000002E+02   0.10000000000000000E-01   0.00000000000000000E+00   0.00000000000000000E+00  -0.28950445792688129E+01
NP3S1       29   0.50000000000000000E+01  -0.99000000000000000E+02  -0.62120296844943638E+02  -0.62045999999999999E+02   0.21999999999999999E-01   0.00000000000000000E+00   0.00000000000000000E+00  -0.33771293156199533E+01
NP3S1       29   0.10000000000000000E+02  -0.99000000000000000E+02  -0.77843342635098409E+02  -0.77707999999999998E+02   0.31000000000000000E-01   0.00000000000000000E+00   0.00000000000000000E+00  -0.43658914547874463E+01
NP3S1       29   0.25000000000000000E+02  -0.99000000000000000E+02   0.79740039449446783E+02   0.80135999999999996E+02   0.43999999999999997E-01   0.00000000000000000E+00   0.00000000000000000E+00  -0.89991034216639196E+01
NP3S1       29   0.50000000000000000E+02  -0.99000000000000000E+02   0.61121154423738645E+02   0.62159999999999997E+02   0.52999999999999999E-01   0.00000000000000000E+00   0.00000000000000000E+00  -0.19600859929459467E+02
NP3S1       29   0.10000000000000000E+03  -0.99000000000000000E+02   0.39906288271020614E+02   0.42712000000000003E+02   0.52999999999999999E-01   0.00000000000000000E+00   0.00000000000000000E+00  -0.52937957150554517E+02
NP3S1       29   0.15000000000000000E+03  -0.99000000000000000E+02   0.25409099044570059E+02   0.30391999999999999E+02   0.58000000000000003E-01   0.00000000000000000E+00   0.00000000000000000E+00  -0.85912085438447249E+02
NP3S1       29   0.20000000000000000E+03  -0.99000000000000000E+02   0.12682103383896123E+02   0.20936000000000000E+02   0.71999999999999995E-01   0.00000000000000000E+00   0.00000000000000000E+00  -0.11463745300144274E+03
NP3S1       29   0.25000000000000000E+03  -0.99000000000000000E+02  -0.89144016571653939E+00   0.12945000000000000E+02   0.86999999999999994E-01   0.00000000000000000E+00   0.00000000000000000E+00  -0.15903954213467287E+03
NP3S1       29   0.30000000000000000E+03  -0.99000000000000000E+02  -0.15640825973715629E+02   0.58369999999999997E+01   0.98000000000000004E-01   0.00000000000000000E+00   0.00000000000000000E+00  -0.21916148952771047E+03
NP3S1       29   0.35000000000000000E+03  -0.99000000000000000E+02  -0.28940325658881481E+02  -0.64400000000000002E+00   0.10500000000000000E+00   0.00000000000000000E+00   0.00000000000000000E+00  -0.26948881579887126E+03
NPE1        30   0.10000000000000000E+01  -0.99000000000000000E+02  -0.83049135204537383E-01  -0.10400000000000000E+00   0.10000000000000000E-02   0.00000000000000000E+00   0.00000000000000000E+00   0.20950864795462611E+02
NPE1        30   0.50000000000000000E+01  -0.99000000000000000E+02  -0.47953533477649252E+00  -0.65700000000000003E+00   0.40000000000000001E-02   0.00000000000000000E+00   0.00000000000000000E+00   0.44366166305876874E+02
NPE1        30   0.10000000000000000E+02  -0.99000000000000000E+02  -0.70944065321758232E+00  -0.11250000000000000E+01   0.89999999999999993E-02   0.00000000000000000E+00   0.00000000000000000E+00   0.46173260753601966E+02
NPE1        30   0.25000000000000000E+02  -0.99000000000000000E+02   0.46241190809388494E+00   0.17340000000000000E+01   0.20000000000000000E-01   0.00000000000000000E+00   0.00000000000000000E+00  -0.63579404595305753E+02
NPE1        30   0.50000000000000000E+02  -0.99000000000000000E+02  -0.10044620367611974E+01   0.20569999999999999E+01   0.36999999999999998E-01   0.00000000000000000E+00   0.00000000000000000E+00  -0.82742217209762089E+02
NPE1        30   0.10000000000000000E+03  -0.99000000000000000E+02  -0.56311262570697327E+01   0.24729999999999999E+01   0.68000000000000005E-01   0.00000000000000000E+00   0.00000000000000000E+00  -0.11917832730984901E+03
NPE1        30   0.15000000000000000E+03  -0.99000000000000000E+02  -0.12050977822118980E+02   0.29380000000000002E+01   0.95000000000000001E-01   0.00000000000000000E+00   0.00000000000000000E+00  -0.15777871391704190E+03
NPE1        30   0.20000000000000000E+03  -0.99000000000000000E+02  -0.19208591399416765E+02   0.34480000000000000E+01   0.11200000000000000E+00   0.00000000000000000E+00   0.00000000000000000E+00  -0.20229099463764967E+03
NPE1        30   0.25000000000000000E+03  -0.99000000000000000E+02  -0.25306594382001432E+02   0.40359999999999996E+01   0.11100000000000000E+00   0.00000000000000000E+00   0.00000000000000000E+00  -0.26434769713514800E+03
NPE1        30   0.30000000000000000E+03  -0.99000000000000000E+02  -0.29199819050437902E+02   0.47530000000000001E+01   0.11300000000000000E+00   0.00000000000000000E+00   0.00000000000000000E+00  -0.30046742522511420E+03
NPE1        30   0.35000000000000000E+03  -0.99000000000000000E+02  -0.30741229471532787E+02   0.56100000000000003E+01   0.16900000000000001E+00   0.00000000000000000E+00   0.00000000000000000E+00  -0.21509603237593365E+03
NP3D1       31   0.10000000000000000E+01  -0.99000000000000000E+02  -0.47710718352079913E-02  -0.50000000000000001E-02   0.50000000000000001E-03   0.00000000000000000E+00   0.00000000000000000E+00   0.45785632958401762E+00
NP3D1       31   0.50000000000000000E+01  -0.99000000000000000E+02  -0.16906395033067848E+00  -0.17999999999999999E+00   0.50000000000000001E-03   0.00000000000000000E+00   0.00000000000000000E+00   0.21872099338643036E+02
NP3D1       31   0.10000000000000000E+02  -0.99000000000000000E+02  -0.62096631278355752E+00  -0.67100000000000004E+00   0.20000000000000000E-02   0.00000000000000000E+00   0.00000000000000000E+00   0.25016843608221262E+02
NP3D1       31   0.25000000000000000E+02  -0.99000000000000000E+02  -0.25115459004848204E+01  -0.27879999999999998E+01   0.89999999999999993E-02   0.00000000000000000E+00   0.00000000000000000E+00   0.30717122168353271E+02
NP3D1       31   0.50000000000000000E+02  -0.99000000000000000E+02  -0.54975460850159790E+01  -0.64230000000000000E+01   0.25999999999999999E-01   0.00000000000000000E+00   0.00000000000000000E+00   0.35594381345539276E+02
NP3D1       31   0.10000000000000000E+03  -0.99000000000000000E+02  -0.89644221625441904E+01  -0.12198000000000000E+02   0.48000000000000001E-01   0.00000000000000000E+00   0.00000000000000000E+00   0.67366204946996035E+02
NP3D1       31   0.15000000000000000E+03  -0.99000000000000000E+02  -0.92710044425306357E+01  -0.16407000000000000E+02   0.58000000000000003E-01   0.00000000000000000E+00   0.00000000000000000E+00   0.12303440616326489E+03
NP3D1       31   0.20000000000000000E+03  -0.99000000000000000E+02  -0.74789635130986669E+01  -0.19681999999999999E+02   0.70999999999999994E-01   0.00000000000000000E+00   0.00000000000000000E+00   0.17187375333663852E+03
NP3D1       31   0.25000000000000000E+03  -0.99000000000000000E+02  -0.51411770786034552E+01  -0.22324000000000002E+02   0.80000000000000002E-01   0.00000000000000000E+00   0.00000000000000000E+00   0.21478528651745683E+03
NP3D1       31   0.30000000000000000E+03  -0.99000000000000000E+02  -0.33815434912012061E+01  -0.24369000000000000E+02   0.10800000000000000E+00   0.00000000000000000E+00   0.00000000000000000E+00   0.19432830100739625E+03
NP3D1       31   0.35000000000000000E+03  -0.99000000000000000E+02  -0.31204339598569479E+01  -0.25699000000000002E+02   0.19100000000000000E+00   0.00000000000000000E+00   0.00000000000000000E+00   0.11821238764472803E+03
NP3D3       32   0.10000000000000000E+01  -0.99000000000000000E+02   0.58904686640042598E-04   0.00000000000000000E+00   0.50000000000000001E-03   0.00000000000000000E+00   0.00000000000000000E+00   0.11780937328008520E+00
NP3D3       32   0.50000000000000000E+01  -0.99000000000000000E+02   0.14480491411492371E-03   0.20000000000000000E-02   0.50000000000000001E-03   0.00000000000000000E+00   0.00000000000000000E+00  -0.37103901717701526E+01
NP3D3       32   0.10000000000000000E+02  -0.99000000000000000E+02  -0.52823686919445025E-02   0.50000000000000001E-02   0.50000000000000001E-03   0.00000000000000000E+00   0.00000000000000000E+00  -0.20564737383889003E+02
NP3D3       32   0.25000000000000000E+02  -0.99000000000000000E+02  -0.48729415252428833E-01   0.42999999999999997E-01   0.10000000000000000E-02   0.00000000000000000E+00   0.00000000000000000E+00  -0.91729415252428836E+02
NP3D3       32   0.50000000000000000E+02  -0.99000000000000000E+02  -0.10364321916830248E+00   0.31500000000000000E+00   0.40000000000000001E-02   0.00000000000000000E+00   0.00000000000000000E+00  -0.10466080479207562E+03
NP3D3       32   0.10000000000000000E+03  -0.99000000000000000E+02  -0.93419276746476168E-01   0.14440000000000000E+01   0.16000000000000000E-01   0.00000000000000000E+00   0.00000000000000000E+00  -0.96088704796654753E+02
NP3D3       32   0.15000000000000000E+03  -0.99000000000000000E+02  -0.76475594877016745E-01   0.26429999999999998E+01   0.33000000000000002E-01   0.00000000000000000E+00   0.00000000000000000E+00  -0.82408351359909588E+02
NP3D3       32   0.20000000000000000E+03  -0.99000000000000000E+02  -0.10143811820536618E+00   0.34849999999999999E+01   0.50999999999999997E-01   0.00000000000000000E+00   0.00000000000000000E+00  -0.70322316043242481E+02
NP3D3       32   0.25000000000000000E+03  -0.99000000000000000E+02  -0.12949534921266109E+00   0.39310000000000000E+01   0.70999999999999994E-01   0.00000000000000000E+00   0.00000000000000000E+00  -0.57190075341023402E+02
NP3D3       32   0.30000000000000000E+03  -0.99000000000000000E+02  -0.11719467960460098E+00   0.40990000000000002E+01   0.95000000000000001E-01   0.00000000000000000E+00   0.00000000000000000E+00  -0.44380996627416849E+02
NP3D3       32   0.35000000000000000E+03  -0.99000000000000000E+02  -0.62639429781127007E-01   0.41210000000000004E+01   0.12100000000000000E+00   0.00000000000000000E+00   0.00000000000000000E+00  -0.34575532477529983E+02
NPE3        33   0.10000000000000000E+01  -0.99000000000000000E+02   0.89466254423883153E-04   0.00000000000000000E+00   0.50000000000000001E-03   0.00000000000000000E+00   0.00000000000000000E+00   0.17893250884776629E+00
NPE3        33   0.50000000000000000E+01  -0.99000000000000000E+02   0.13379571747016228E-01   0.12000000000000000E-01   0.50000000000000001E-03   0.00000000000000000E+00   0.00000000000000000E+00   0.27591434940324557E+01
NPE3        33   0.10000000000000000E+02  -0.99000000000000000E+02   0.81760404472189019E-01   0.80000000000000002E-01   0.50000000000000001E-03   0.00000000000000000E+00   0.00000000000000000E+00   0.35208089443780342E+01
NPE3        33   0.25000000000000000E+02  -0.99000000000000000E+02   0.55399874137601279E+00   0.55300000000000005E+00   0.50000000000000001E-03   0.00000000000000000E+00   0.00000000000000000E+00   0.19974827520254923E+01
NPE3        33   0.50000000000000000E+02  -0.99000000000000000E+02   0.16107089959830685E+01   0.16150000000000000E+01   0.30000000000000001E-02   0.00000000000000000E+00   0.00000000000000000E+00  -0.14303346723104997E+01
NPE3        33   0.10000000000000000E+03  -0.99000000000000000E+02   0.34657496803976109E+01   0.34980000000000002E+01   0.16000000000000000E-01   0.00000000000000000E+00   0.00000000000000000E+00  -0.20156449751493333E+01
NPE3        33   0.15000000000000000E+03  -0.99000000000000000E+02   0.46781393259713706E+01   0.48250000000000002E+01   0.28000000000000001E-01   0.00000000000000000E+00   0.00000000000000000E+00  -0.52450240724510557E+01
NPE3        33   0.20000000000000000E+03  -0.99000000000000000E+02   0.52117043831586232E+01   0.57489999999999997E+01   0.34000000000000002E-01   0.00000000000000000E+00   0.00000000000000000E+00  -0.15802812260040485E+02
NPE3        33   0.25000000000000000E+03  -0.99000000000000000E+02   0.50596285633704134E+01   0.64269999999999996E+01   0.42999999999999997E-01   0.00000000000000000E+00   0.00000000000000000E+00  -0.31799335735571773E+02
NPE3        33   0.30000000000000000E+03  -0.99000000000000000E+02   0.43070170064471691E+01   0.69379999999999997E+01   0.52999999999999999E-01   0.00000000000000000E+00   0.00000000000000000E+00  -0.49641188557600579E+02
NPE3        33   0.35000000000000000E+03  -0.99000000000000000E+02   0.31860034945753704E+01   0.72939999999999996E+01   0.64000000000000001E-01   0.00000000000000000E+00   0.00000000000000000E+00  -0.64187445397259836E+02
NP3G3       34   0.10000000000000000E+01  -0.99000000000000000E+02  -0.52616597301875051E-06   0.00000000000000000E+00   0.50000000000000001E-03   0.00000000000000000E+00   0.00000000000000000E+00  -0.10523319460375010E-02
NP3G3       34   0.50000000000000000E+01  -0.99000000000000000E+02  -0.35249901989211442E-03   0.00000000000000000E+00   0.50000000000000001E-03   0.00000000000000000E+00   0.00000000000000000E+00  -0.70499803978422881E+00
NP3G3       34   0.10000000000000000E+02  -0.99000000000000000E+02  -0.38690729948367350E-02  -0.30000000000000001E-02   0.50000000000000001E-03   0.00000000000000000E+00   0.00000000000000000E+00  -0.17381459896734699E+01
NP3G3       34   0.25000000000000000E+02  -0.99000000000000000E+02  -0.53556161736884253E-01  -0.52999999999999999E-01   0.50000000000000001E-03   0.00000000000000000E+00   0.00000000000000000E+00  -0.11123234737685088E+01
NP3G3       34   0.50000000000000000E+02  -0.99000000000000000E+02  -0.26182612504223851E+00  -0.26500000000000001E+00   0.10000000000000000E-02   0.00000000000000000E+00   0.00000000000000000E+00   0.31738749577615022E+01
NP3G3       34   0.10000000000000000E+03  -0.99000000000000000E+02  -0.93861366900508503E+00  -0.99600000000000000E+00   0.89999999999999993E-02   0.00000000000000000E+00   0.00000000000000000E+00   0.63762589994349970E+01
NP3G3       34   0.15000000000000000E+03  -0.99000000000000000E+02  -0.16837054819854420E+01  -0.19190000000000000E+01   0.29999999999999999E-01   0.00000000000000000E+00   0.00000000000000000E+00   0.78431506004852682E+01
NP3G3       34   0.20000000000000000E+03  -0.99000000000000000E+02  -0.22582045711707321E+01  -0.28790000000000000E+01   0.52999999999999999E-01   0.00000000000000000E+00   0.00000000000000000E+00   0.11713121298665431E+02
NP3G3       34   0.25000000000000000E+03  -0.99000000000000000E+02  -0.24843130301288303E+01  -0.37989999999999999E+01   0.69000000000000006E-01   0.00000000000000000E+00   0.00000000000000000E+00   0.19053434345958980E+02
NP3G3       34   0.30000000000000000E+03  -0.99000000000000000E+02  -0.22908363148171014E+01  -0.46689999999999996E+01   0.84000000000000005E-01   0.00000000000000000E+00   0.00000000000000000E+00   0.28311472442653550E+02
NP3G3       34   0.35000000000000000E+03  -0.99000000000000000E+02  -0.17698253709371665E+01  -0.55170000000000003E+01   0.11799999999999999E+00   0.00000000000000000E+00   0.00000000000000000E+00   0.31755717195447748E+02
H2E     100001  -0.99000000000000000E+02  -0.99000000000000000E+02   0.00000000000000000E+00   0.00000000000000000E+00   0.10000000000000000E+01   0.00000000000000000E+00   0.00000000000000000E+00   0.00000000000000000E+00
H2E     100002  -0.99000000000000000E+02  -0.99000000000000000E+02   0.00000000000000000E+00   0.00000000000000000E+00   0.10000000000000000E+01   0.00000000000000000E+00   0.00000000000000000E+00   0.00000000000000000E+00
H2E     100003  -0.99000000000000000E+02  -0.99000000000000000E+02   0.00000000000000000E+00   0.00000000000000000E+00   0.10000000000000000E+01   0.00000000000000000E+00   0.00000000000000000E+00   0.00000000000000000E+00
H2E     100004  -0.99000000000000000E+02  -0.99000000000000000E+02   0.00000000000000000E+00   0.00000000000000000E+00   0.10000000000000000E+01   0.00000000000000000E+00   0.00000000000000000E+00   0.00000000000000000E+00
H2E     100005  -0.99000000000000000E+02  -0.99000000000000000E+02   0.00000000000000000E+00   0.00000000000000000E+00   0.10000000000000000E+01   0.00000000000000000E+00   0.00000000000000000E+00   0.00000000000000000E+00
H2E     100006  -0.99000000000000000E+02  -0.99000000000000000E+02   0.00000000000000000E+00   0.00000000000000000E+00   0.10000000000000000E+01   0.00000000000000000E+00   0.00000000000000000E+00   0.00000000000000000E+00
H2E     100007  -0.99000000000000000E+02  -0.99000000000000000E+02   0.00000000000000000E+00   0.00000000000000000E+00   0.10000000000000000E+01   0.00000000000000000E+00   0.00000000000000000E+00   0.00000000000000000E+00
H2E     100008  -0.99000000000000000E+02  -0.99000000000000000E+02   0.00000000000000000E+00   0.00000000000000000E+00   0.10000000000000000E+01   0.00000000000000000E+00   0.00000000000000000E+00   0.00000000000000000E+00
H2E     100009  -0.99000000000000000E+02  -0.99000000000000000E+02   0.00000000000000000E+00   0.00000000000000000E+00   0.10000000000000000E+01   0.00000000000000000E+00   0.00000000000000000E+00   0.00000000000000000E+00
H2E     100010  -0.99000000000000000E+02  -0.99000000000000000E+02   0.00000000000000000E+00   0.00000000000000000E+00   0.10000000000000000E+01   0.00000000000000000E+00   0.00000000000000000E+00   0.00000000000000000E+00
H2E     100011  -0.99000000000000000E+02  -0.99000000000000000E+02   0.00000000000000000E+00   0.00000000000000000E+00   0.10000000000000000E+01   0.00000000000000000E+00   0.00000000000000000E+00   0.00000000000000000E+00
H2E     100012  -0.99000000000000000E+02  -0.99000000000000000E+02   0.00000000000000000E+00   0.00000000000000000E+00   0.10000000000000000E+01   0.00000000000000000E+00   0.00000000000000000E+00   0.00000000000000000E+00
H2E     100013  -0.99000000000000000E+02  -0.99000000000000000E+02   0.00000000000000000E+00   0.00000000000000000E+00   0.10000000000000000E+01   0.00000000000000000E+00   0.00000000000000000E+00   0.00000000000000000E+00
H2E     100014  -0.99000000000000000E+02  -0.99000000000000000E+02   0.00000000000000000E+00   0.00000000000000000E+00   0.10000000000000000E+01   0.00000000000000000E+00   0.00000000000000000E+00   0.00000000000000000E+00
H2E     100015  -0.99000000000000000E+02  -0.99000000000000000E+02   0.00000000000000000E+00   0.00000000000000000E+00   0.10000000000000000E+01   0.00000000000000000E+00   0.00000000000000000E+00   0.00000000000000000E+00
H2E     100016  -0.99000000000000000E+02  -0.99000000000000000E+02   0.00000000000000000E+00   0.00000000000000000E+00   0.10000000000000000E+01   0.00000000000000000E+00   0.00000000000000000E+00   0.00000000000000000E+00
H2E     100017  -0.99000000000000000E+02  -0.99000000000000000E+02   0.00000000000000000E+00   0.00000000000000000E+00   0.10000000000000000E+01   0.00000000000000000E+00   0.00000000000000000E+00   0.00000000000000000E+00
H2E     100018  -0.99000000000000000E+02  -0.99000000000000000E+02   0.00000000000000000E+00   0.00000000000000000E+00   0.10000000000000000E+01   0.00000000000000000E+00   0.00000000000000000E+00   0.00000000000000000E+00
H2E     100019  -0.99000000000000000E+02  -0.99000000000000000E+02   0.00000000000000000E+00   0.00000000000000000E+00   0.10000000000000000E+01   0.00000000000000000E+00   0.00000000000000000E+00   0.00000000000000000E+00
H2E     100020  -0.99000000000000000E+02  -0.99000000000000000E+02   0.00000000000000000E+00   0.00000000000000000E+00   0.10000000000000000E+01   0.00000000000000000E+00   0.00000000000000000E+00   0.00000000000000000E+00
H2E     100021  -0.99000000000000000E+02  -0.99000000000000000E+02   0.00000000000000000E+00   0.00000000000000000E+00   0.10000000000000000E+01   0.00000000000000000E+00   0.00000000000000000E+00   0.00000000000000000E+00
H2E     100022  -0.99000000000000000E+02  -0.99000000000000000E+02   0.00000000000000000E+00   0.00000000000000000E+00   0.10000000000000000E+01   0.00000000000000000E+00   0.00000000000000000E+00   0.00000000000000000E+00
H2E     100023  -0.99000000000000000E+02  -0.99000000000000000E+02   0.00000000000000000E+00   0.00000000000000000E+00   0.10000000000000000E+01   0.00000000000000000E+00   0.00000000000000000E+00   0.00000000000000000E+00
H2E     100024  -0.99000000000000000E+02  -0.99000000000000000E+02   0.00000000000000000E+00   0.00000000000000000E+00   0.10000000000000000E+01   0.00000000000000000E+00   0.00000000000000000E+00   0.00000000000000000E+00
H2E     100025  -0.99000000000000000E+02  -0.99000000000000000E+02  -0.22191893919057195E+01  -0.22245750000000002E+01   0.22245750000000002E+01   0.00000000000000000E+00   0.00000000000000000E+00   0.24209604505492869E-02
H2R     100025  -0.99000000000000000E+02  -0.99000000000000000E+02   0.19735067705711149E+01   0.19753499999999999E+01   0.19753499999999999E+01   0.00000000000000000E+00   0.00000000000000000E+00  -0.93311536127017511E-03
H2Q     100025  -0.99000000000000000E+02  -0.99000000000000000E+02   0.21787360194524050E+00   0.27000000000000002E+00   0.27000000000000002E+00   0.00000000000000000E+00   0.00000000000000000E+00  -0.19306073353614636E+00
H2E     100026  -0.99000000000000000E+02  -0.99000000000000000E+02   0.00000000000000000E+00   0.00000000000000000E+00   0.10000000000000000E+01   0.00000000000000000E+00   0.00000000000000000E+00   0.00000000000000000E+00
H2E     100027  -0.99000000000000000E+02  -0.99000000000000000E+02   0.00000000000000000E+00   0.00000000000000000E+00   0.10000000000000000E+01   0.00000000000000000E+00   0.00000000000000000E+00   0.00000000000000000E+00
H2E     100028  -0.99000000000000000E+02  -0.99000000000000000E+02   0.00000000000000000E+00   0.00000000000000000E+00   0.10000000000000000E+01   0.00000000000000000E+00   0.00000000000000000E+00   0.00000000000000000E+00
H2E     100029  -0.99000000000000000E+02  -0.99000000000000000E+02   0.00000000000000000E+00   0.00000000000000000E+00   0.10000000000000000E+01   0.00000000000000000E+00   0.00000000000000000E+00   0.00000000000000000E+00
H2E     100030  -0.99000000000000000E+02  -0.99000000000000000E+02   0.00000000000000000E+00   0.00000000000000000E+00   0.10000000000000000E+01   0.00000000000000000E+00   0.00000000000000000E+00   0.00000000000000000E+00
H2E     100031  -0.99000000000000000E+02  -0.99000000000000000E+02   0.00000000000000000E+00   0.00000000000000000E+00   0.10000000000000000E+01   0.00000000000000000E+00   0.00000000000000000E+00   0.00000000000000000E+00
H2E     100032  -0.99000000000000000E+02  -0.99000000000000000E+02   0.00000000000000000E+00   0.00000000000000000E+00   0.10000000000000000E+01   0.00000000000000000E+00   0.00000000000000000E+00   0.00000000000000000E+00
H2E     100033  -0.99000000000000000E+02  -0.99000000000000000E+02   0.00000000000000000E+00   0.00000000000000000E+00   0.10000000000000000E+01   0.00000000000000000E+00   0.00000000000000000E+00   0.00000000000000000E+00
H2E     100034  -0.99000000000000000E+02  -0.99000000000000000E+02   0.00000000000000000E+00   0.00000000000000000E+00   0.10000000000000000E+01   0.00000000000000000E+00   0.00000000000000000E+00   0.00000000000000000E+00
H2E     100035  -0.99000000000000000E+02  -0.99000000000000000E+02   0.00000000000000000E+00   0.00000000000000000E+00   0.10000000000000000E+01   0.00000000000000000E+00   0.00000000000000000E+00   0.00000000000000000E+00
H2E     100036  -0.99000000000000000E+02  -0.99000000000000000E+02   0.00000000000000000E+00   0.00000000000000000E+00   0.10000000000000000E+01   0.00000000000000000E+00   0.00000000000000000E+00   0.00000000000000000E+00
H2E     100037  -0.99000000000000000E+02  -0.99000000000000000E+02   0.00000000000000000E+00   0.00000000000000000E+00   0.10000000000000000E+01   0.00000000000000000E+00   0.00000000000000000E+00   0.00000000000000000E+00
H2E     100038  -0.99000000000000000E+02  -0.99000000000000000E+02   0.00000000000000000E+00   0.00000000000000000E+00   0.10000000000000000E+01   0.00000000000000000E+00   0.00000000000000000E+00   0.00000000000000000E+00
H2E     100039  -0.99000000000000000E+02  -0.99000000000000000E+02   0.00000000000000000E+00   0.00000000000000000E+00   0.10000000000000000E+01   0.00000000000000000E+00   0.00000000000000000E+00   0.00000000000000000E+00
H2E     100040  -0.99000000000000000E+02  -0.99000000000000000E+02   0.00000000000000000E+00   0.00000000000000000E+00   0.10000000000000000E+01   0.00000000000000000E+00   0.00000000000000000E+00   0.00000000000000000E+00
H2E     100041  -0.99000000000000000E+02  -0.99000000000000000E+02   0.00000000000000000E+00   0.00000000000000000E+00   0.10000000000000000E+01   0.00000000000000000E+00   0.00000000000000000E+00   0.00000000000000000E+00
H2E     100042  -0.99000000000000000E+02  -0.99000000000000000E+02   0.00000000000000000E+00   0.00000000000000000E+00   0.10000000000000000E+01   0.00000000000000000E+00   0.00000000000000000E+00   0.00000000000000000E+00
H2E     100043  -0.99000000000000000E+02  -0.99000000000000000E+02   0.00000000000000000E+00   0.00000000000000000E+00   0.10000000000000000E+01   0.00000000000000000E+00   0.00000000000000000E+00   0.00000000000000000E+00
H2E     100044  -0.99000000000000000E+02  -0.99000000000000000E+02   0.00000000000000000E+00   0.00000000000000000E+00   0.10000000000000000E+01   0.00000000000000000E+00   0.00000000000000000E+00   0.00000000000000000E+00
H2E     100045  -0.99000000000000000E+02  -0.99000000000000000E+02   0.00000000000000000E+00   0.00000000000000000E+00   0.10000000000000000E+01   0.00000000000000000E+00   0.00000000000000000E+00   0.00000000000000000E+00
H2E     100046  -0.99000000000000000E+02  -0.99000000000000000E+02   0.00000000000000000E+00   0.00000000000000000E+00   0.10000000000000000E+01   0.00000000000000000E+00   0.00000000000000000E+00   0.00000000000000000E+00
H2E     100047  -0.99000000000000000E+02  -0.99000000000000000E+02   0.00000000000000000E+00   0.00000000000000000E+00   0.10000000000000000E+01   0.00000000000000000E+00   0.00000000000000000E+00   0.00000000000000000E+00
H2E     100048  -0.99000000000000000E+02  -0.99000000000000000E+02   0.00000000000000000E+00   0.00000000000000000E+00   0.10000000000000000E+01   0.00000000000000000E+00   0.00000000000000000E+00   0.00000000000000000E+00
H2E     100049  -0.99000000000000000E+02  -0.99000000000000000E+02   0.00000000000000000E+00   0.00000000000000000E+00   0.10000000000000000E+01   0.00000000000000000E+00   0.00000000000000000E+00   0.00000000000000000E+00
H2E     100050  -0.99000000000000000E+02  -0.99000000000000000E+02   0.00000000000000000E+00   0.00000000000000000E+00   0.10000000000000000E+01   0.00000000000000000E+00   0.00000000000000000E+00   0.00000000000000000E+00
H2E     100051  -0.99000000000000000E+02  -0.99000000000000000E+02   0.00000000000000000E+00   0.00000000000000000E+00   0.10000000000000000E+01   0.00000000000000000E+00   0.00000000000000000E+00   0.00000000000000000E+00
H2E     100052  -0.99000000000000000E+02  -0.99000000000000000E+02   0.00000000000000000E+00   0.00000000000000000E+00   0.10000000000000000E+01   0.00000000000000000E+00   0.00000000000000000E+00   0.00000000000000000E+00
H3E     300000  -0.99000000000000000E+02  -0.99000000000000000E+02  -0.84865451147047430E+01  -0.84800000000000004E+01   0.50880000000000002E-01   0.00000000000000000E+00   0.00000000000000000E+00  -0.12863826070641934E+00
H3R     300000  -0.99000000000000000E+02  -0.99000000000000000E+02   0.15924596751951530E+01   0.15870000000000000E+01   0.95219999999999992E-02   0.00000000000000000E+00   0.00000000000000000E+00   0.57337483671004019E+00
He3E    300000  -0.99000000000000000E+02  -0.99000000000000000E+02  -0.77108785113552472E+01  -0.77180000000000000E+01   0.46307999999999995E-01   0.00000000000000000E+00   0.00000000000000000E+00   0.15378527780843088E+00
He3R    300000  -0.99000000000000000E+02  -0.99000000000000000E+02   0.17694193794523501E+01   0.17700000000000000E+01   0.10620000000000001E-01   0.00000000000000000E+00   0.00000000000000000E+00  -0.54672367951973354E-01
He4E    300000  -0.99000000000000000E+02  -0.99000000000000000E+02  -0.28299347255055320E+02  -0.28300000000000001E+02   0.16980000000000001E+00   0.00000000000000000E+00   0.00000000000000000E+00   0.38441987319240600E-02
He4R    300000  -0.99000000000000000E+02  -0.99000000000000000E+02   0.14573848546803647E+01   0.14550000000000001E+01   0.87299999999999999E-02   0.00000000000000000E+00   0.00000000000000000E+00   0.27317923028231905E+00
a_pp    300002   0.00000000000000000E+00  -0.99000000000000000E+02  -0.79001647624083589E+01  -0.78196000000000003E+01   0.78196000000000006E-03   0.00000000000000000E+00   0.00000000000000000E+00  -0.10302926288858576E+03
r_pp    300002   0.00000000000000000E+00  -0.99000000000000000E+02   0.28245752284688224E+01   0.27900000000000000E+01   0.69750000000000003E-02   0.00000000000000000E+00   0.00000000000000000E+00   0.49570220026985412E+01
a_np    300002   0.00000000000000000E+00  -0.99000000000000000E+02  -0.23848097350776765E+02  -0.23739999999999998E+02   0.23739999999999998E-02   0.00000000000000000E+00   0.00000000000000000E+00  -0.45533846157020491E+02
r_np    300002   0.00000000000000000E+00  -0.99000000000000000E+02   0.27597224173624095E+01   0.27700000000000000E+01   0.27700000000000003E-02   0.00000000000000000E+00   0.00000000000000000E+00  -0.37103186417294176E+01
a_nn    300002   0.00000000000000000E+00  -0.99000000000000000E+02  -0.19587993090706856E+02  -0.18949999999999999E+02   0.28424999999999995E+00   0.00000000000000000E+00   0.00000000000000000E+00  -0.22444787711762784E+01
r_nn    300002   0.00000000000000000E+00  -0.99000000000000000E+02   0.28647721062170528E+01   0.27500000000000000E+01   0.13750000000000000E-01   0.00000000000000000E+00   0.00000000000000000E+00   0.83470622703311133E+01
